4.61
4.56
4.53
4.49
4.49
4.47
4.43
4.38
4.36
4.34
4.33
4.24
4.18
4.22
4.14
4.2
4.17
4.24
4.24
4.2
4.19
4.18
4.15
4.11
4.02
3.95
3.95
3.93
3.87
3.94
3.92
3.91
3.93
3.91
3.83
3.92
3.9
3.82
3.8
3.74
3.69
3.69
3.69
3.69
3.69
3.68
3.62
3.67
3.67
3.65
3.65
3.65
3.63
3.59
3.59
3.59
3.61
3.65
3.68
3.68
3.72
3.69
3.67
3.67
3.66
3.68
3.71
3.71
3.71
3.7
3.69
3.69
3.69
3.69
3.68
3.68
3.67
3.63
3.65
3.65
3.62
3.55
3.54
3.56
3.5
3.5
3.56
3.55
3.62
3.59
3.59
3.61
3.57
3.54
3.51
3.44
3.43
3.39
3.39
3.38
3.37
3.34
3.34
3.33
3.26
3.26
3.17
3.17
3.18
3.18
3.13
3.08
3.08
3.08
3.09
3.1
3.11
3.06
3.1
3.1
3.1
3.1
3.1
3.1
3.06
3.06
3.06
3.06
3.0
3.03
3.03
3.01
3.01
2.93
2.93
2.91
2.91
2.86
2.8
2.82
2.78
2.72
2.68
2.64
2.6
2.59
2.54
2.54
2.54
2.56
2.56
2.58
2.57
2.59
2.57
2.57
2.5
2.5
2.51
2.51
2.43
2.43
2.4
2.4
2.36
2.3
2.3
2.32
2.36
2.31
2.31
2.31
2.31
2.28
2.28
2.28
2.28
2.22
2.22
2.21
2.24
2.22
2.22
2.23
2.22
2.15
2.14
2.14
2.15
2.15
2.18
2.15
2.11
2.08
2.14
2.13
2.13
2.07
1.99
1.99
1.98
1.98
1.98
1.99
1.96
1.95
1.95
1.95
1.95
1.95
1.88
1.88
1.88
1.83
1.83
1.88
1.85
1.85
1.85
1.86
1.88
1.89
1.89
1.84
1.84
1.87
1.89
1.86
1.86
1.87
1.86
1.86
1.81
1.74
1.76
1.76
1.76
1.76
1.8
1.82
1.82
1.82
1.82
1.82
1.84
1.81
1.76
1.76
1.78
1.78
1.78
1.73
1.73
1.73
1.74
1.75
1.83
1.83
1.82
1.82
1.82
1.82
1.82
1.82
1.82
1.82
1.79
1.77
1.77
1.84
1.84
1.81
1.81
1.81
1.81
1.75
1.75
1.75
1.77
1.77
1.85
1.88
1.88
1.88
1.88
1.83
1.83
1.79
1.8
1.76
1.81
1.82
1.81
1.81
1.79
1.79
1.79
1.77
1.76
1.76
1.72
1.72
1.66
1.63
1.59
1.55
1.56
1.52
1.52
1.52
1.52
1.52
1.53
1.59
1.57
1.57
1.57
1.58
1.58
1.6
1.56
1.56
1.56
1.56
1.56
1.56
1.52
1.49
1.49
1.44
1.44
1.44
1.44
1.46
1.46
1.53
1.54
1.54
1.57
1.58
1.58
1.53
1.58
1.58
1.53
1.55
1.55
1.47
1.46
1.44
1.49
1.53
1.53
1.55
1.55
1.55
1.54
1.5
1.52
1.51
1.51
1.51
1.52
1.52
1.52
1.52
1.52
1.5
1.46
1.46
1.43
1.43
1.43
1.43
1.46
1.46
1.45
1.46
1.46
1.46
1.44
1.44
1.44
1.44
1.42
1.42
1.38
1.38
1.38
1.38
1.36
1.36
1.36
1.36
1.37
1.37
1.33
1.31
1.31
1.31
1.31
1.31
1.31
1.31
1.27
1.27
1.3
1.3
1.3
1.3
1.33
1.33
1.33
1.31
1.31
1.28
1.29
1.3
1.28
1.28
1.33
1.39
1.39
1.44
1.44
1.45
1.45
1.45
1.45
1.45
1.5
1.51
1.52
1.5
1.5
1.51
1.51
1.48
1.48
1.48
1.48
1.43
1.43
1.46
1.46
1.46
1.46
1.47
1.47
1.49
1.54
1.54
1.54
1.54
1.54
1.56
1.6
1.6
1.6
1.59
1.64
1.64
1.64
1.67
1.67
1.67
1.67
1.62
1.62
1.57
1.55
1.57
1.57
1.57
1.57
1.57
1.58
1.6
1.6
1.6
1.6
1.6
1.61
1.61
1.61
1.6
1.6
1.63
1.68
1.64
1.66
1.68
1.68
1.69
1.72
1.72
1.72
1.72
1.72
1.67
1.67
1.74
1.74
1.74
1.7
1.7
1.7
1.63
1.6
1.58
1.58
1.58
1.56
1.6
1.6
1.59
1.62
1.62
1.62
1.62
1.62
1.62
1.58
1.58
1.61
1.62
1.58
1.6
1.6
1.6
1.6
1.58
1.58
1.57
1.57
1.57
1.57
1.51
1.52
1.57
1.57
1.53
1.53
1.53
1.53
1.53
1.53
1.53
1.55
1.55
1.55
1.52
1.54
1.54
1.49
1.49
1.49
1.55
1.55
1.55
1.55
1.55
1.6
1.6
1.58
1.58
1.58
1.5
1.56
1.58
1.58
1.58
1.61
1.61
1.59
1.59
1.59
1.59
1.59
1.53
1.53
1.51
1.51
1.5
1.5
1.5
1.5
1.5
1.5
1.5
1.49
1.5
1.5
1.5
1.5
1.5
1.45
1.42
1.41
1.41
1.46
1.45
1.45
1.45
1.46
1.47
1.47
1.47
1.47
1.54
1.54
1.54
1.57
1.53
1.53
1.53
1.53
1.53
1.48
1.51
1.51
1.49
1.53
1.53
1.54
1.54
1.54
1.48
1.48
1.5
1.47
1.47
1.48
1.48
1.48
1.48
1.48
1.47
1.47
1.52
1.52
1.52
1.53
1.53
1.53
1.55
1.55
1.55
1.55
1.61
1.65
1.67
1.67
1.67
1.69
1.69
1.7
1.7
1.74
1.74
1.74
1.74
1.74
1.74
1.81
1.87
1.87
1.9
1.89
1.93
1.91
1.91
1.9
1.9
1.91
1.91
1.92
1.92
1.92
1.92
1.92
1.92
1.9
1.89
1.89
1.89
1.89
1.85
1.85
1.85
1.85
1.85
1.87
1.87
1.82
1.82
1.82
1.82
1.82
1.82
1.81
1.77
1.72
1.72
1.67
1.67
1.64
1.66
1.66
1.67
1.67
1.67
1.69
1.69
1.69
1.69
1.69
1.75
1.75
1.82
1.82
1.81
1.8
1.8
1.81
1.83
1.83
1.84
1.84
1.83
1.83
1.83
1.82
1.82
1.82
1.87
1.87
1.87
1.86
1.86
1.84
1.89
1.89
1.85
1.85
1.85
1.83
1.82
1.79
1.79
1.79
1.79
1.79
1.85
1.85
1.85
1.85
1.85
1.85
1.85
1.85
1.82
1.82
1.82
1.79
1.79
1.79
1.78
1.8
1.8
1.8
1.83
1.83
1.86
1.86
1.86
1.86
1.87
1.87
1.87
1.87
1.87
1.89
1.89
1.86
1.86
1.86
1.86
1.86
1.86
1.86
1.86
1.93
1.93
1.93
1.95
1.95
1.92
1.96
1.96
1.89
1.88
1.88
1.86
1.84
1.77
1.77
1.8
1.8
1.8
1.87
1.87
1.92
1.92
1.92
1.93
1.89
1.89
1.85
1.83
1.83
1.77
1.85
1.85
1.85
1.85
1.8
1.84
1.82
1.82
1.82
1.82
1.83
1.9
1.9
1.89
1.88
1.87
1.87
1.87
1.87
1.87
1.9
1.9
1.9
1.9
1.89
1.9
1.9
1.9
1.89
1.89
1.89
1.93
1.91
1.91
1.91
1.91
1.9
1.9
1.94
1.91
1.92
1.92
1.92
1.88
1.88
1.88
1.89
1.87
1.87
1.87
1.87
1.82
1.81
1.81
1.81
1.86
1.86
1.86
1.86
1.86
1.81
1.81
1.72
1.76
1.76
1.76
1.75
1.77
1.74
1.78
1.79
1.79
1.75
1.77
1.78
1.78
1.69
1.68
1.66
1.62
1.65
1.68
1.68
1.68
1.67
1.67
1.68
1.71
1.71
1.69
1.69
1.72
1.66
1.66
1.66
1.63
1.65
1.65
1.67
1.67
1.67
1.67
1.65
1.65
1.67
1.67
1.67
1.67
1.67
1.64
1.65
1.65
1.64
1.64
1.64
1.64
1.63
1.64
1.63
1.63
1.63
1.56
1.55
1.54
1.55
1.55
1.54
1.51
1.48
1.5
1.5
1.5
1.52
1.52
1.52
1.51
1.51
1.55
1.59
1.6
1.59
1.57
1.57
1.57
1.59
1.57
1.57
1.57
1.52
1.52
1.52
1.47
1.46
1.46
1.46
1.49
1.49
1.42
1.41
1.42
1.4
1.37
1.37
1.38
1.37
1.37
1.37
1.32
1.31
1.32
1.32
1.32
1.32
1.34
1.34
1.34
1.33
1.33
1.33
1.33
1.4
1.43
1.47
1.47
1.47
1.51
1.56
1.56
1.56
1.56
1.56
1.6
1.63
1.67
1.67
1.62
1.64
1.6
1.6
1.6
1.6
1.6
1.59
1.66
1.63
1.62
1.61
1.62
1.62
1.62
1.62
1.62
1.63
1.63
1.67
1.67
1.64
1.64
1.62
1.62
1.61
1.61
1.56
1.55
1.56
1.55
1.6
1.6
1.6
1.59
1.59
1.59
1.59
1.61
1.61
1.63
1.65
1.59
1.59
1.6
1.62
1.62
1.59
1.6
1.62
1.62
1.58
1.58
1.58
1.61
1.61
1.58
1.58
1.56
1.56
1.56
1.56
1.55
1.57
1.61
1.54
1.54
1.57
1.57
1.57
1.57
1.57
1.57
1.57
1.57
1.57
1.58
1.59
1.59
1.59
1.59
1.59
1.59
1.61
1.61
1.61
1.61
1.61
1.57
1.57
1.57
1.58
1.58
1.58
1.59
1.59
1.58
1.62
1.62
1.62
1.67
1.67
1.67
1.67
1.67
1.67
1.67
1.67
1.65
1.65
1.65
1.68
1.67
1.67
1.64
1.69
1.69
1.67
1.67
1.67
1.68
1.68
1.68
1.62
1.59
1.57
1.55
1.53
1.5
1.51
1.51
1.51
1.51
1.54
1.54
1.54
1.54
1.58
1.58
1.58
1.58
1.58
1.58
1.55
1.55
1.55
1.56
1.56
1.56
1.56
1.56
1.56
1.49
1.49
1.49
1.46
1.46
1.46
1.41
1.43
1.44
1.44
1.45
1.45
1.49
1.49
1.49
1.49
1.49
1.49
1.44
1.44
1.44
1.44
1.52
1.52
1.52
1.52
1.52
1.52
1.58
1.58
1.58
1.58
1.58
1.58
1.58
1.62
1.62
1.65
1.58
1.58
1.58
1.58
1.58
1.58
1.58
1.58
1.54
1.54
1.54
1.57
1.58
1.62
1.57
1.57
1.57
1.57
1.55
1.55
1.55
1.55
1.55
1.55
1.51
1.5
1.5
1.47
1.47
1.47
1.47
1.47
1.41
1.38
1.38
1.38
1.38
1.42
1.42
1.42
1.47
1.48
1.49
1.49
1.48
1.48
1.48
1.52
1.52
1.52
1.54
1.59
1.59
1.6
1.66
1.66
1.72
1.68
1.63
1.61
1.66
1.63
1.63
1.66
1.66
1.66
1.66
1.6
1.6
1.6
1.6
1.6
1.61
1.67
1.65
1.72
1.68
1.68
1.71
1.74
1.74
1.74
1.76
1.75
1.75
1.75
1.75
1.75
1.75
1.75
1.75
1.75
1.7
1.73
1.73
1.7
1.66
1.66
1.66
1.65
1.59
1.6
1.67
1.67
1.67
1.73
1.73
1.7
1.75
1.74
1.74
1.74
1.74
1.71
1.71
1.71
1.71
1.69
1.72
1.72
1.72
1.72
1.72
1.64
1.64
1.66
1.66
1.66
1.62
1.62
1.67
1.67
1.7
1.7
1.63
1.63
1.63
1.63
1.63
1.67
1.67
1.7
1.7
1.7
1.71
1.71
1.71
1.71
1.64
1.64
1.64
1.64
1.64
1.65
1.65
1.65
1.65
1.62
1.62
1.64
1.62
1.63
1.58
1.58
1.58
1.61
1.61
1.61
1.61
1.66
1.58
1.53
1.48
1.48
1.48
1.48
1.48
1.48
1.48
1.48
1.48
1.54
1.54
1.53
1.53
1.49
1.49
1.52
1.51
1.51
1.51
1.44
1.43
1.39
1.38
1.34
1.35
1.39
1.39
1.39
1.4
1.4
1.4
1.4
1.39
1.39
1.44
1.44
1.46
1.48
1.48
1.48
1.48
1.44
1.44
1.44
1.44
1.44
1.44
1.44
1.43
1.43
1.42
1.42
1.41
1.41
1.43
1.43
1.43
1.43
1.43
1.47
1.46
1.45
1.46
1.46
1.46
1.46
1.45
1.45
1.48
1.47
1.44
1.44
1.44
1.44
1.44
1.44
1.41
1.45
1.45
1.51
1.54
1.54
1.54
1.57
1.57
1.54
1.54
1.54
1.56
1.56
1.53
1.53
1.5
1.5
1.48
1.5
1.5
1.5
1.53
1.56
1.56
1.56
1.56
1.57
1.57
1.51
1.51
1.52
1.52
1.5
1.5
1.52
1.46
1.46
1.46
1.53
1.53
1.53
1.5
