4.68
4.67
4.64
4.6
4.62
4.69
4.67
4.65
4.57
4.52
4.52
4.49
4.42
4.4
4.38
4.36
4.34
4.26
4.26
4.28
4.26
4.26
4.22
4.19
4.15
4.14
4.07
4.01
4.0
4.05
3.99
4.01
4.01
3.98
3.9
3.89
3.91
3.82
3.81
3.74
3.74
3.71
3.71
3.73
3.72
3.74
3.73
3.75
3.73
3.71
3.69
3.68
3.68
3.63
3.56
3.59
3.66
3.66
3.57
3.57
3.59
3.5
3.46
3.48
3.43
3.43
3.41
3.41
3.41
3.41
3.41
3.4
3.4
3.42
3.46
3.47
3.43
3.45
3.36
3.34
3.36
3.32
3.32
3.31
3.32
3.32
3.31
3.34
3.32
3.37
3.42
3.36
3.36
3.33
3.33
3.33
3.3
3.33
3.37
3.37
3.31
3.29
3.29
3.27
3.33
3.31
3.29
3.29
3.29
3.23
3.23
3.26
3.26
3.3
3.37
3.34
3.28
3.28
3.23
3.28
3.28
3.28
3.27
3.31
3.32
3.3
3.29
3.29
3.29
3.33
3.29
3.29
3.29
3.29
3.33
3.32
3.32
3.32
3.32
3.32
3.27
3.26
3.26
3.2
3.2
3.2
3.2
3.2
3.2
3.2
3.24
3.24
3.22
3.14
3.1
3.14
3.15
3.19
3.17
3.17
3.13
3.14
3.14
3.14
3.07
3.1
3.11
3.11
3.11
3.08
3.06
3.06
3.05
3.05
3.01
3.0
3.05
2.99
3.0
3.05
3.02
2.98
2.98
2.97
2.97
2.92
2.98
3.0
3.0
3.0
3.0
3.0
2.94
3.01
2.96
2.96
2.99
2.98
2.94
2.95
3.03
3.03
3.03
3.04
3.04
3.04
3.0
2.98
2.94
2.95
2.97
2.94
2.94
2.91
2.91
2.89
2.83
2.83
2.82
2.82
2.81
2.8
2.78
2.75
2.78
2.78
2.82
2.82
2.87
2.85
2.89
2.89
2.82
2.86
2.87
2.8
2.76
2.76
2.71
2.71
2.73
2.77
2.76
2.79
2.8
2.8
2.8
2.79
2.79
2.74
2.74
2.75
2.75
2.67
2.67
2.66
2.67
2.7
2.7
2.7
2.7
2.69
2.69
2.68
2.68
2.68
2.67
2.71
2.71
2.72
2.75
2.77
2.77
2.78
2.78
2.77
2.77
2.77
2.77
2.77
2.79
2.79
2.79
2.79
2.78
2.79
2.79
2.79
2.79
2.79
2.79
2.79
2.76
2.79
2.82
2.87
2.87
2.8
2.8
2.8
2.8
2.83
2.79
2.79
2.79
2.72
2.72
2.68
2.71
2.7
2.7
2.69
2.69
2.72
2.7
2.7
2.72
2.72
2.67
2.67
2.67
2.63
2.69
2.64
2.65
2.65
2.65
2.59
2.59
2.61
2.61
2.62
2.57
2.55
2.58
2.55
2.5
2.48
2.48
2.51
2.51
2.5
2.43
2.39
2.41
2.32
2.36
2.31
2.33
2.33
2.33
2.33
2.27
2.27
2.31
2.31
2.31
2.29
2.29
2.27
2.3
2.3
2.3
2.3
2.3
2.29
2.31
2.31
2.31
2.32
2.34
2.34
2.33
2.33
2.34
2.32
2.32
2.27
2.32
2.34
2.34
2.29
2.3
2.34
2.27
2.28
2.31
2.31
2.31
2.34
2.35
2.35
2.3
2.3
2.3
2.3
2.3
2.3
2.3
2.3
2.3
2.31
2.22
2.27
2.27
2.27
2.25
2.25
2.27
2.27
2.34
2.4
2.37
2.37
2.37
2.37
2.38
2.38
2.31
2.31
2.31
2.28
2.28
2.28
2.29
2.29
2.31
2.3
2.29
2.29
2.3
2.3
2.31
2.31
2.31
2.31
2.31
2.31
2.33
2.33
2.33
2.31
2.29
2.2
2.22
2.23
2.19
2.19
2.19
2.19
2.22
2.26
2.31
2.3
2.26
2.2
2.19
2.18
2.21
2.21
2.16
2.16
2.12
2.1
2.12
2.12
2.12
2.12
2.12
2.12
2.12
2.12
2.13
2.13
2.11
2.11
2.11
2.07
2.07
2.07
2.07
2.04
2.05
2.05
2.05
2.05
2.05
2.05
2.06
2.06
2.06
2.06
2.08
2.04
2.04
2.05
2.05
2.05
2.05
2.02
2.02
2.0
2.04
2.06
2.04
2.01
2.01
2.01
2.01
2.06
2.06
2.04
2.07
2.07
2.07
2.09
2.12
2.11
2.11
2.11
2.11
2.11
2.09
2.14
2.14
2.14
2.14
2.14
2.1
2.1
2.09
2.09
2.16
2.14
2.13
2.1
2.1
2.1
2.03
2.03
1.98
1.98
1.98
1.95
1.95
1.92
1.92
1.94
1.91
1.91
1.91
1.85
1.83
1.88
1.88
1.88
1.87
1.83
1.83
1.8
1.8
1.8
1.77
1.77
1.77
1.72
1.72
1.72
1.72
1.69
1.69
1.71
1.67
1.67
1.61
1.68
1.68
1.68
1.68
1.64
1.64
1.63
1.64
1.64
1.64
1.64
1.66
1.66
1.66
1.66
1.62
1.62
1.61
1.63
1.69
1.69
1.67
1.67
1.67
1.67
1.67
1.62
1.62
1.62
1.62
1.62
1.62
1.62
1.58
1.59
1.6
1.57
1.58
1.59
1.56
1.6
1.59
1.64
1.69
1.69
1.68
1.72
1.74
1.75
1.75
1.75
1.72
1.76
1.76
1.76
1.76
1.75
1.76
1.76
1.75
1.75
1.75
1.82
1.82
1.83
1.83
1.83
1.82
1.82
1.82
1.78
1.78
1.78
1.78
1.74
1.74
1.74
1.75
1.75
1.75
1.81
1.81
1.81
1.81
1.84
1.83
1.84
1.84
1.84
1.84
1.84
1.78
1.78
1.82
1.82
1.84
1.84
1.84
1.84
1.82
1.84
1.86
1.86
1.86
1.86
1.86
1.94
1.94
1.94
1.92
1.87
1.87
1.87
1.88
1.84
1.79
1.78
1.78
1.74
1.74
1.74
1.74
1.72
1.71
1.67
1.67
1.66
1.6
1.6
1.64
1.64
1.64
1.64
1.63
1.56
1.56
1.5
1.52
1.52
1.47
1.47
1.47
1.47
1.49
1.51
1.51
1.51
1.51
1.51
1.51
1.49
1.47
1.47
1.47
1.42
1.42
1.42
1.46
1.46
1.45
1.46
1.46
1.47
1.47
1.39
1.39
1.37
1.32
1.32
1.32
1.35
1.35
1.35
1.29
1.32
1.32
1.26
1.3
1.3
1.3
1.3
1.37
1.37
1.31
1.37
1.37
1.37
1.37
1.34
1.34
1.33
1.26
1.26
1.28
1.31
1.31
1.31
1.31
1.26
1.24
1.31
1.31
1.31
1.3
1.32
1.34
1.34
1.33
1.33
1.33
1.34
1.34
1.34
1.3
1.29
1.29
1.29
1.29
1.29
1.29
1.29
1.29
1.29
1.29
1.23
1.25
1.22
1.22
1.19
1.19
1.19
1.19
1.13
1.15
1.15
1.15
1.15
1.11
1.11
1.11
1.11
1.11
1.14
1.14
1.17
1.18
1.18
1.18
1.15
1.15
1.14
1.14
1.17
1.17
1.17
1.17
1.17
1.17
1.13
1.13
1.13
1.13
1.1
1.09
1.08
1.1
1.1
1.1
1.1
1.1
1.1
1.1
1.14
1.14
1.14
1.09
1.09
1.15
1.18
1.18
1.18
1.15
1.1
1.12
1.11
1.13
1.13
1.1
1.1
1.1
1.17
1.17
1.2
1.21
1.21
1.21
1.23
1.2
1.22
1.22
1.22
1.3
1.3
1.31
1.24
1.24
1.23
1.25
1.22
1.21
1.21
1.21
1.21
1.16
1.23
1.23
1.23
1.23
1.23
1.26
1.26
1.26
1.26
1.26
1.33
1.29
1.25
1.25
1.25
1.22
1.21
1.21
1.23
1.23
1.2
1.21
1.21
1.21
1.21
1.19
1.2
1.2
1.2
1.2
1.2
1.21
1.25
1.28
1.27
1.27
1.25
1.25
1.25
1.25
1.26
1.22
1.22
1.22
1.22
1.21
1.21
1.21
1.18
1.17
1.21
1.25
1.29
1.3
1.3
1.3
1.24
1.17
1.17
1.17
1.16
1.16
1.16
1.16
1.16
1.16
1.16
1.16
1.16
1.16
1.16
1.16
1.16
1.16
1.13
1.12
1.12
1.1
1.13
1.12
1.12
1.11
1.11
1.11
1.11
1.09
1.12
1.13
1.06
1.06
1.06
1.09
1.09
1.09
1.08
1.06
1.06
1.1
1.12
1.12
1.12
1.12
1.12
1.08
1.08
1.07
1.07
1.07
1.07
1.09
1.1
1.1
1.13
1.13
1.12
1.14
1.14
1.16
1.16
1.16
1.16
1.16
1.16
1.18
1.18
1.18
1.2
1.24
1.24
1.24
1.24
1.24
1.24
1.24
1.21
1.21
1.21
1.21
1.21
1.21
1.18
1.17
1.19
1.17
1.17
1.17
1.23
1.23
1.19
1.17
1.17
1.17
1.16
1.15
1.16
1.16
1.23
1.23
1.23
1.23
1.23
1.23
1.23
1.23
1.25
1.25
1.25
1.25
1.26
1.26
1.27
1.27
1.27
1.27
1.27
1.27
1.27
1.34
1.34
1.29
1.29
1.3
1.3
1.3
1.3
1.3
1.32
1.32
1.32
1.32
1.25
1.24
1.24
1.24
1.22
1.23
1.23
1.23
1.23
1.23
1.24
1.24
1.24
1.24
1.24
1.2
1.2
1.2
1.2
1.2
1.24
1.22
1.27
1.31
1.31
1.34
1.34
1.34
1.35
1.3
1.31
1.31
1.28
1.26
1.26
1.25
1.25
1.27
1.25
1.26
1.26
1.27
1.32
1.32
1.32
1.32
1.32
1.32
1.32
1.32
1.32
1.33
1.33
1.38
1.41
1.41
1.4
1.4
1.4
1.41
1.41
1.42
1.42
1.37
1.37
1.37
1.38
1.39
1.39
1.39
1.39
1.4
1.4
1.38
1.38
1.36
1.36
1.36
1.33
1.33
1.33
1.33
1.31
1.31
1.31
1.31
1.31
1.26
1.24
1.24
1.25
1.26
1.26
1.26
1.26
1.26
1.24
1.24
1.27
1.24
1.24
1.24
1.2
1.2
1.17
1.14
1.14
1.14
1.14
1.14
1.15
1.15
1.12
1.15
1.16
1.17
1.17
1.2
1.2
1.2
1.24
1.26
1.26
1.31
1.31
1.31
1.31
1.31
1.31
1.38
1.38
1.38
1.35
1.31
1.26
1.26
1.26
1.26
1.26
1.22
1.22
1.22
1.29
1.29
1.29
1.29
1.23
1.23
1.23
1.25
1.28
1.28
1.28
1.28
1.22
1.22
1.22
1.22
1.22
1.22
1.26
1.26
1.25
1.22
1.22
1.22
1.22
1.22
1.22
1.22
1.24
1.24
1.26
1.26
1.26
1.26
1.31
1.31
1.31
1.31
1.31
1.34
1.29
1.29
1.29
1.29
1.29
1.29
1.37
1.37
1.39
1.34
1.38
1.38
1.4
1.4
1.4
1.4
1.4
1.41
1.41
1.41
1.47
1.49
1.53
1.53
1.48
1.46
1.46
1.4
1.4
1.4
1.35
1.35
1.37
1.33
1.33
1.33
1.33
1.33
1.37
1.37
1.37
1.37
1.37
1.35
1.3
1.3
1.3
1.3
1.3
1.3
1.26
1.27
1.27
1.28
1.26
1.26
1.25
1.25
1.25
1.25
1.25
1.25
1.25
1.25
1.21
1.21
1.22
1.22
1.26
1.26
1.26
1.31
1.3
1.3
1.35
1.35
1.33
1.33
1.33
1.29
1.29
1.29
1.29
1.29
1.23
1.23
1.27
1.26
1.26
1.26
1.2
1.21
1.25
1.25
1.24
1.22
1.22
1.22
1.21
1.21
1.21
1.21
1.24
1.27
1.33
1.33
1.33
1.33
1.36
1.36
1.31
1.31
1.35
1.33
1.27
1.27
1.29
1.29
1.27
1.27
1.27
1.33
1.33
1.32
1.32
1.38
1.38
1.38
1.38
1.38
1.38
1.38
1.39
1.39
1.39
1.31
1.36
1.36
1.36
1.39
1.39
1.39
1.36
1.36
1.32
1.28
1.28
1.33
1.33
1.33
1.33
1.31
1.31
1.31
1.27
1.26
1.25
1.23
1.25
1.25
1.28
1.28
1.28
1.28
1.28
1.28
1.28
1.28
1.28
1.28
1.27
1.3
1.3
1.3
1.31
1.28
1.28
1.28
1.28
1.28
1.28
1.26
1.26
1.26
1.33
1.33
1.33
1.33
1.33
1.36
1.36
1.36
1.36
1.37
1.35
1.35
1.35
1.35
1.35
1.35
1.34
1.34
1.38
1.37
1.39
1.39
1.39
1.38
1.38
1.34
1.35
1.34
1.34
1.34
1.31
1.31
1.28
1.27
1.27
1.31
1.31
1.31
1.28
1.28
1.28
1.27
1.31
1.31
1.38
1.38
1.35
1.37
1.37
1.37
1.37
1.37
1.44
1.45
1.43
1.4
1.41
1.41
1.41
1.4
1.41
1.41
1.41
1.41
1.41
1.42
1.43
1.43
1.47
1.46
1.46
1.42
1.41
1.41
1.41
1.41
1.41
1.41
1.41
1.41
1.41
1.39
1.36
1.36
1.36
1.35
1.29
1.29
1.29
1.29
1.28
1.28
1.28
1.28
1.28
1.24
1.22
1.18
1.15
1.19
1.21
1.16
1.13
1.13
1.13
1.14
1.08
1.08
1.03
1.04
1.07
1.07
1.07
1.07
1.07
1.08
1.05
1.08
1.08
1.06
1.04
1.03
1.03
1.03
1.03
1.04
0.97
0.97
0.98
0.98
1.0
1.0
1.0
1.0
1.02
0.99
1.0
0.98
0.98
0.98
0.98
1.04
1.04
1.04
1.04
1.04
1.05
1.05
1.05
1.05
1.07
1.03
1.03
1.05
1.03
1.03
1.06
1.05
1.02
1.02
1.02
1.02
1.02
1.02
1.02
1.02
1.04
1.06
1.1
1.1
1.1
1.1
1.1
1.1
1.11
1.11
1.11
1.11
1.11
1.06
1.06
1.06
1.03
1.03
1.03
1.04
1.04
1.02
0.99
0.99
0.99
0.99
0.99
0.99
1.02
1.02
1.0
1.0
1.0
1.09
1.08
1.08
1.08
1.12
1.13
1.13
1.13
1.13
1.13
1.09
1.08
1.08
1.08
1.08
1.08
1.05
1.05
1.08
1.08
1.09
1.08
1.08
1.08
1.08
1.08
1.08
1.11
1.11
1.06
1.09
1.09
1.12
1.15
1.15
1.15
1.15
1.15
1.14
1.11
1.12
1.18
1.19
1.16
1.2
1.19
1.15
1.15
1.15
1.15
1.21
1.27
1.27
1.27
1.27
1.33
1.33
1.31
1.31
1.31
1.35
1.35
1.33
1.33
1.3
1.3
1.27
1.27
1.25
1.25
1.26
1.26
1.26
1.26
1.3
1.31
1.31
1.35
1.35
1.33
1.33
1.33
1.33
1.25
1.25
1.26
1.28
1.28
1.32
1.32
1.32
1.32
1.28
1.3
1.3
1.3
1.3
1.26
1.28
1.28
1.28
1.26
1.26
1.26
1.26
1.26
1.26
1.27
1.31
1.31
1.35
1.35
1.35
1.35
1.35
1.35
1.35
1.28
1.28
1.28
1.28
1.28
1.28
1.35
1.35
1.36
1.35
1.35
1.34
1.31
1.31
1.36
1.36
1.38
1.39
1.38
1.38
1.39
1.39
1.44
1.43
1.43
1.37
1.34
1.33
1.33
1.33
1.34
1.34
1.32
1.32
1.32
1.37
1.37
1.37
1.37
