3.99
3.94
3.88
3.88
3.83
3.81
3.81
3.87
3.86
3.88
3.85
3.84
3.85
3.88
3.85
3.84
3.87
3.88
3.88
3.88
3.86
3.82
3.8
3.8
3.8
3.74
3.75
3.75
3.73
3.67
3.65
3.66
3.63
3.61
3.54
3.54
3.56
3.56
3.57
3.53
3.58
3.56
3.62
3.56
3.6
3.56
3.51
3.58
3.58
3.58
3.53
3.49
3.49
3.45
3.45
3.43
3.45
3.49
3.47
3.45
3.46
3.44
3.41
3.37
3.35
3.35
3.35
3.38
3.38
3.4
3.4
3.43
3.45
3.42
3.4
3.42
3.37
3.37
3.37
3.33
3.37
3.37
3.37
3.37
3.36
3.36
3.35
3.37
3.36
3.35
3.35
3.31
3.27
3.21
3.2
3.19
3.14
3.14
3.14
3.05
3.04
3.04
3.04
3.06
3.06
3.1
3.1
3.12
3.11
3.11
3.06
3.11
3.11
3.1
3.1
3.1
3.06
3.05
2.96
2.89
2.89
2.89
2.83
2.82
2.77
2.73
2.74
2.68
2.68
2.68
2.68
2.68
2.67
2.67
2.67
2.68
2.68
2.68
2.68
2.68
2.68
2.69
2.72
2.7
2.65
2.72
2.68
2.68
2.6
2.61
2.61
2.61
2.65
2.65
2.63
2.64
2.66
2.65
2.7
2.7
2.7
2.67
2.68
2.67
2.64
2.59
2.56
2.49
2.56
2.56
2.56
2.56
2.52
2.52
2.52
2.52
2.52
2.52
2.52
2.53
2.49
2.49
2.48
2.44
2.46
2.44
2.45
2.47
2.51
2.51
2.43
2.43
2.43
2.47
2.47
2.47
2.47
2.47
2.46
2.46
2.49
2.49
2.47
2.48
2.46
2.46
2.49
2.49
2.54
2.56
2.6
2.6
2.6
2.63
2.55
2.55
2.55
2.59
2.59
2.55
2.51
2.44
2.43
2.43
2.41
2.41
2.4
2.38
2.39
2.39
2.41
2.41
2.43
2.47
2.47
2.51
2.51
2.48
2.48
2.48
2.41
2.44
2.4
2.33
2.33
2.37
2.37
2.33
2.32
2.32
2.32
2.35
2.35
2.31
2.28
2.27
2.26
2.26
2.24
2.24
2.29
2.29
2.28
2.22
2.22
2.25
2.25
2.25
2.25
2.18
2.17
2.17
2.17
2.17
2.17
2.16
2.1
2.1
2.1
2.1
2.07
2.06
2.06
2.04
2.04
2.04
2.08
2.08
2.13
2.17
2.17
2.17
2.17
2.12
2.12
2.17
2.17
2.17
2.14
2.14
2.13
2.09
2.09
2.15
2.23
2.23
2.23
2.23
2.23
2.18
2.18
2.18
2.23
2.21
2.2
2.19
2.19
2.13
2.13
2.07
2.11
2.17
2.17
2.17
2.17
2.15
2.13
2.13
2.13
2.13
2.13
2.16
2.18
2.2
2.18
2.18
2.22
2.22
2.24
2.21
2.21
2.18
2.18
2.18
2.16
2.08
2.03
2.01
1.99
1.99
1.99
1.99
1.99
1.99
2.02
2.01
2.01
2.02
2.02
2.02
2.02
2.01
2.01
2.01
2.01
1.96
1.96
1.95
1.94
1.94
1.94
1.94
2.01
1.97
1.94
1.94
1.95
1.95
1.95
1.95
1.95
1.95
1.95
1.96
2.01
2.01
2.01
1.94
1.93
1.93
1.93
1.93
1.93
1.9
1.91
1.91
1.92
1.97
1.95
1.95
1.95
1.94
1.94
1.94
1.87
1.87
1.9
1.91
1.91
1.91
1.84
1.86
1.86
1.86
1.86
1.89
1.89
1.86
1.85
1.85
1.88
1.86
1.86
1.85
1.85
1.88
1.88
1.88
1.88
1.88
1.89
1.86
1.86
1.86
1.86
1.79
1.79
1.79
1.83
1.86
1.88
1.88
1.88
1.88
1.88
1.88
1.86
1.86
1.86
1.86
1.86
1.88
1.9
1.88
1.88
1.88
1.88
1.87
1.9
1.9
1.86
1.86
1.87
1.87
1.87
1.9
1.9
1.9
1.9
1.89
1.89
1.84
1.84
1.87
1.87
1.83
1.83
1.84
1.84
1.82
1.82
1.82
1.79
1.79
1.79
1.83
1.86
1.84
1.89
1.82
1.75
1.75
1.74
1.74
1.75
1.75
1.75
1.74
1.74
1.74
1.74
1.77
1.73
1.73
1.7
1.7
1.71
1.7
1.73
1.73
1.72
1.72
1.72
1.72
1.72
1.72
1.74
1.79
1.79
1.82
1.75
1.75
1.75
1.75
1.75
1.72
1.67
1.67
1.7
1.74
1.74
1.74
1.72
1.72
1.74
1.74
1.74
1.74
1.71
1.69
1.77
1.83
1.79
1.84
1.84
1.84
1.8
1.82
1.82
1.82
1.82
1.8
1.8
1.73
1.73
1.8
1.8
1.8
1.8
1.8
1.83
1.83
1.82
1.82
1.82
1.82
1.82
1.82
1.82
1.82
1.84
1.81
1.81
1.81
1.81
1.81
1.81
1.81
1.81
1.81
1.87
1.85
1.85
1.85
1.83
1.84
1.84
1.84
1.84
1.84
1.87
1.86
1.86
1.86
1.86
1.84
1.84
1.84
1.8
1.8
1.8
1.8
1.8
1.8
1.8
1.8
1.8
1.8
1.77
1.83
1.85
1.85
1.84
1.86
1.89
1.9
1.89
1.89
1.89
1.89
1.92
1.99
1.99
2.03
1.98
1.96
1.96
1.97
1.97
1.98
1.97
1.97
1.97
1.97
1.97
1.97
1.97
1.97
1.97
1.97
1.95
2.02
2.02
2.02
2.02
2.04
2.04
2.06
2.06
2.05
2.05
2.06
2.05
2.04
2.04
2.1
2.02
2.02
2.01
2.01
1.98
1.95
1.93
1.93
1.97
1.93
1.98
1.98
1.99
1.99
1.99
1.99
2.03
2.03
1.96
1.96
1.95
1.95
1.94
2.0
2.0
1.96
1.96
1.96
1.96
1.97
1.97
1.97
1.97
1.93
1.93
1.93
1.92
1.94
1.93
1.99
1.96
1.9
1.89
1.87
1.85
1.85
1.85
1.83
1.83
1.83
1.78
1.85
1.81
1.78
1.78
1.78
1.78
1.78
1.78
1.79
1.79
1.82
1.82
1.9
1.9
1.92
1.92
1.92
1.93
1.93
1.93
1.93
1.96
1.97
1.93
1.93
1.91
1.86
1.87
1.89
1.89
1.85
1.85
1.85
1.85
1.85
1.82
1.77
1.77
1.77
1.73
1.68
1.68
1.68
1.68
1.61
1.64
1.64
1.64
1.64
1.56
1.56
1.54
1.58
1.59
1.58
1.57
1.57
1.56
1.48
1.48
1.46
1.47
1.47
1.47
1.47
1.49
1.49
1.49
1.49
1.49
1.49
1.49
1.49
1.44
1.44
1.43
1.42
1.4
1.4
1.45
1.45
1.45
1.49
1.48
1.46
1.45
1.47
1.49
1.49
1.49
1.47
1.48
1.48
1.42
1.42
1.42
1.42
1.42
1.42
1.42
1.42
1.4
1.4
1.4
1.48
1.48
1.48
1.46
1.46
1.46
1.46
1.46
1.43
1.43
1.43
1.39
1.44
1.43
1.41
1.41
1.38
1.38
1.36
1.36
1.36
1.33
1.33
1.3
1.29
1.29
1.28
1.26
1.26
1.26
1.26
1.27
1.27
1.2
1.2
1.2
1.2
1.21
1.25
1.22
1.29
1.29
1.28
1.35
1.4
1.42
1.42
1.42
1.39
1.39
1.37
1.4
1.41
1.41
1.39
1.38
1.38
1.4
1.42
1.34
1.35
1.35
1.34
1.37
1.34
1.34
1.34
1.34
1.3
1.3
1.3
1.3
1.3
1.3
1.34
1.34
1.34
1.34
1.34
1.34
1.34
1.34
1.34
1.33
1.31
1.31
1.28
1.26
1.26
1.26
1.27
1.29
1.25
1.25
1.25
1.21
1.26
1.28
1.29
1.29
1.29
1.29
1.34
1.3
1.33
1.33
1.3
1.29
1.3
1.34
1.33
1.33
1.33
1.33
1.33
1.33
1.33
1.31
1.34
1.34
1.36
1.36
1.36
1.41
1.43
1.43
1.44
1.44
1.44
1.44
1.48
1.51
1.51
1.51
1.51
1.52
1.52
1.52
1.52
1.48
1.47
1.47
1.47
1.45
1.48
1.48
1.49
1.49
1.49
1.49
1.49
1.56
1.55
1.55
1.52
1.55
1.55
1.55
1.61
1.61
1.62
1.62
1.6
1.6
1.6
1.63
1.62
1.62
1.62
1.58
1.58
1.58
1.58
1.59
1.59
1.59
1.63
1.63
1.61
1.61
1.61
1.61
1.65
1.62
1.65
1.65
1.65
1.65
1.59
1.56
1.56
1.56
1.56
1.56
1.52
1.56
1.56
1.56
1.56
1.56
1.56
1.59
1.61
1.61
1.61
1.61
1.61
1.61
1.61
1.61
1.68
1.68
1.68
1.68
1.67
1.67
1.65
1.65
1.65
1.65
1.65
1.65
1.61
1.61
1.61
1.6
1.6
1.6
1.6
1.55
1.53
1.5
1.44
1.44
1.44
1.42
1.43
1.43
1.43
1.43
1.48
1.48
1.55
1.55
1.55
1.57
1.57
1.64
1.64
1.62
1.64
1.64
1.59
1.59
1.65
1.65
1.67
1.67
1.73
1.73
1.73
1.73
1.74
1.74
1.74
1.69
1.67
1.67
1.67
1.68
1.71
1.71
1.68
1.68
1.68
1.73
1.77
1.77
1.77
1.77
1.77
1.77
1.77
1.77
1.77
1.75
1.76
1.76
1.77
1.73
1.73
1.72
1.72
1.72
1.76
1.81
1.8
1.79
1.78
1.81
1.81
1.83
1.83
1.83
1.82
1.82
1.82
1.82
1.82
1.82
1.82
1.82
1.82
1.82
1.89
1.94
1.94
1.92
1.92
1.92
1.92
1.92
1.97
1.97
1.94
1.97
1.97
1.98
1.98
1.97
1.97
1.97
1.97
1.98
1.97
1.97
1.92
1.92
1.97
1.97
1.97
1.97
1.97
1.98
1.93
1.94
1.94
1.94
1.94
1.94
1.94
1.96
1.96
1.97
2.02
2.02
2.02
2.02
1.99
1.99
1.99
1.92
1.92
1.92
1.92
1.89
1.89
1.89
1.89
1.88
1.88
1.84
1.9
1.9
1.88
1.88
1.84
1.83
1.83
1.83
1.83
1.83
1.8
1.8
1.8
1.8
1.8
1.8
1.81
1.81
1.81
1.78
1.79
1.77
1.77
1.75
1.78
1.75
1.72
1.72
1.69
1.69
1.69
1.66
1.66
1.69
1.69
1.72
1.67
1.67
1.67
1.68
1.66
1.66
1.69
1.69
1.69
1.68
1.68
1.68
1.68
1.72
1.72
1.72
1.68
1.67
1.67
1.65
1.65
1.64
1.64
1.64
1.59
1.6
1.6
1.53
1.53
1.54
1.54
1.51
1.51
1.55
1.57
1.57
1.58
1.56
1.52
1.53
1.54
1.54
1.54
1.56
1.56
1.48
1.43
1.45
1.45
1.4
1.4
1.37
1.37
1.37
1.37
1.37
1.37
1.37
1.37
1.37
1.39
1.43
1.43
1.43
1.44
1.52
1.5
1.5
1.52
1.44
1.44
1.44
1.44
1.44
1.44
1.44
1.44
1.45
1.44
1.44
1.4
1.4
1.4
1.4
1.4
1.47
1.41
1.36
1.36
1.36
1.34
1.34
1.4
1.4
1.39
1.39
1.33
1.36
1.36
1.37
1.37
1.37
1.36
1.36
1.41
1.41
1.41
1.42
1.44
1.47
1.45
1.39
1.38
1.43
1.43
1.43
1.43
1.43
1.46
1.46
1.46
1.44
1.49
1.56
1.58
1.61
1.61
1.61
1.61
1.64
1.59
1.57
1.59
1.54
1.54
1.46
1.46
1.46
1.44
1.44
1.4
1.4
1.46
1.45
1.42
1.42
1.42
1.42
1.41
1.41
1.41
1.41
1.39
1.39
1.39
1.35
1.35
1.35
1.35
1.42
1.45
1.45
1.41
1.43
1.47
1.47
1.47
1.48
1.48
1.48
1.5
1.5
1.54
1.54
1.54
1.51
1.51
1.51
1.51
1.52
1.55
1.57
1.56
1.56
1.56
1.54
1.49
1.48
1.5
1.51
1.51
1.52
1.52
1.52
1.49
1.51
1.5
1.5
1.5
1.5
1.52
1.52
1.52
1.52
1.52
1.5
1.5
1.53
1.53
1.53
1.53
1.54
1.54
1.54
1.53
1.52
1.54
1.55
1.55
1.55
1.57
1.57
1.6
1.56
1.56
1.56
1.58
1.57
1.57
1.57
1.54
1.59
1.59
1.64
1.65
1.68
1.68
1.68
1.68
1.68
1.71
1.71
1.71
1.68
1.68
1.68
1.68
1.68
1.66
1.6
1.6
1.56
1.53
1.53
1.53
1.53
1.53
1.53
1.53
1.53
1.53
1.53
1.5
1.5
1.5
1.5
1.47
1.47
1.47
1.47
1.45
1.45
1.45
1.39
1.43
1.43
1.43
1.43
1.43
1.43
1.43
1.4
1.41
1.41
1.39
1.39
1.41
1.46
1.46
1.41
1.41
1.41
1.41
1.41
1.41
1.41
1.41
1.38
1.38
1.38
1.38
1.38
1.38
1.37
1.37
1.37
1.36
1.36
1.35
1.34
1.32
1.27
1.28
1.28
1.28
1.28
1.28
1.27
1.25
1.23
1.29
1.32
1.32
1.3
1.3
1.21
1.21
1.21
1.27
1.32
1.35
1.35
1.34
1.32
1.36
1.36
1.36
1.36
1.36
1.33
1.33
1.33
1.33
1.36
1.36
1.31
1.31
1.31
1.29
1.28
1.28
1.33
1.36
1.36
1.36
1.36
1.36
1.36
1.37
1.39
1.4
1.4
1.4
1.37
1.37
1.37
1.37
1.37
1.37
1.37
1.37
1.36
1.36
1.38
1.33
1.36
1.36
1.36
1.33
1.36
1.36
1.39
1.37
1.34
1.34
1.3
1.3
1.3
1.36
1.36
1.34
1.34
1.34
1.31
1.27
1.23
1.23
1.23
1.23
1.24
1.24
1.24
1.3
1.3
1.29
1.29
1.34
1.34
1.34
1.34
1.34
1.31
1.31
1.31
1.31
1.31
1.33
1.34
1.36
1.33
1.35
1.35
1.35
1.37
1.37
1.37
1.37
1.37
1.33
1.33
1.35
1.35
1.36
1.36
1.42
1.45
1.45
1.43
1.43
1.43
1.48
1.48
1.48
1.47
1.51
1.53
1.59
1.59
1.59
1.58
1.62
1.64
1.64
1.66
1.68
1.68
1.67
1.6
1.6
1.6
1.54
1.5
1.5
1.48
1.48
1.48
1.48
1.47
1.43
1.41
1.41
1.41
1.41
1.41
1.46
1.43
1.43
1.43
1.43
1.45
1.45
1.41
1.41
1.38
1.38
1.4
1.4
1.37
1.37
1.37
1.34
1.31
1.36
1.31
1.27
1.32
1.32
1.32
1.32
1.27
1.29
1.29
1.29
1.28
1.34
1.34
1.34
1.33
1.33
1.33
1.33
1.33
1.33
1.36
1.36
1.36
1.41
1.41
1.42
1.42
1.42
1.42
1.42
1.42
1.42
1.42
1.42
1.42
1.42
1.42
1.4
1.4
1.41
1.35
1.35
1.36
1.33
1.33
1.33
1.33
1.33
1.32
1.37
1.37
1.37
1.37
1.37
1.4
1.4
1.39
1.39
1.39
1.37
1.35
1.36
1.36
1.35
1.36
1.34
1.27
1.27
1.27
1.27
1.29
1.27
1.27
1.27
1.27
1.27
1.21
1.2
1.21
1.21
1.21
1.2
1.21
1.21
1.21
1.22
1.22
1.24
1.21
1.21
1.21
1.22
1.22
1.24
1.24
1.24
1.24
1.27
1.27
1.28
1.28
1.28
1.28
1.28
1.28
1.28
1.28
1.32
1.32
1.32
1.32
1.34
1.34
1.33
1.36
1.36
1.39
1.39
1.39
1.39
1.43
1.4
1.4
1.4
1.39
1.39
1.39
1.39
1.37
1.37
1.37
1.37
1.37
1.37
1.39
1.41
1.41
1.43
1.43
1.43
1.43
1.44
1.46
1.46
1.49
1.54
1.6
1.6
1.65
1.61
1.62
1.57
1.55
1.52
1.53
1.56
1.52
1.52
1.56
1.56
1.56
1.56
1.56
1.57
1.57
1.53
1.53
1.53
1.47
1.47
1.45
1.45
1.41
1.41
1.36
1.37
1.37
1.35
1.37
1.37
1.37
1.37
1.37
1.35
1.35
1.36
1.36
1.36
1.32
1.32
1.32
1.31
1.31
1.31
1.29
1.29
1.22
1.2
1.2
1.27
1.25
1.26
1.26
1.26
1.26
1.24
1.25
1.25
1.23
1.22
1.22
1.22
1.23
1.31
1.33
1.33
1.32
1.32
1.32
1.33
1.33
1.33
1.34
1.34
1.34
1.35
1.35
1.35
1.4
1.4
1.41
1.41
1.41
1.41
1.41
1.41
1.44
1.44
1.44
1.44
1.44
1.51
1.51
1.52
1.52
1.51
1.5
1.48
1.44
1.44
1.46
1.43
1.43
1.43
1.42
1.38
1.38
1.38
1.38
1.39
1.39
1.43
1.46
1.46
1.46
1.46
1.46
1.48
1.5
1.51
1.51
1.57
1.54
1.54
1.6
1.63
1.59
1.64
1.64
1.68
1.68
1.65
1.66
1.66
1.62
1.69
1.7
1.74
1.74
1.71
1.73
1.73
1.73
1.7
1.74
1.73
1.73
1.73
1.73
1.7
1.7
1.7
1.7
1.7
1.7
1.74
1.74
1.74
1.74
1.82
1.82
1.82
1.82
1.82
1.83
1.83
1.83
1.86
1.87
1.86
1.86
1.86
1.86
1.86
1.84
1.9
1.87
1.84
1.84
1.84
1.81
1.79
1.82
1.82
1.82
1.83
1.83
1.77
1.84
1.84
1.83
1.81
1.81
1.81
1.86
1.89
1.89
1.89
1.93
1.93
1.93
1.91
1.92
1.93
1.93
1.9
1.9
1.94
1.96
1.93
2.0
1.97
2.03
2.01
2.01
2.01
2.01
2.01
1.98
1.95
1.95
1.95
1.95
1.97
1.89
1.89
1.89
1.89
1.89
1.91
1.97
1.97
2.02
2.02
2.02
2.02
2.02
2.02
2.02
2.03
2.03
1.97
1.98
1.95
2.01
2.01
2.01
2.02
2.09
2.09
2.05
2.05
2.01
2.01
2.05
2.13
2.13
2.09
2.09
2.09
2.09
2.06
2.04
2.04
2.07
2.07
2.07
2.07
2.08
2.11
2.14
2.14
2.14
2.16
2.09
2.05
2.12
2.12
2.12
2.1
2.03
2.03
2.04
2.01
2.01
2.03
2.03
2.03
1.95
2.02
2.01
2.01
2.01
2.01
1.99
1.99
1.99
1.99
2.02
2.04
2.04
2.04
2.07
2.07
2.07
2.07
2.09
2.1
2.1
2.06
2.06
2.06
2.04
2.1
2.1
2.1
2.1
2.1
2.1
2.17
2.17
2.17
2.12
2.12
2.12
2.12
2.11
2.11
2.18
2.12
2.11
2.12
2.12
2.12
2.12
2.12
2.12
2.12
2.06
2.06
1.97
1.97
1.91
1.93
1.93
1.9
1.9
1.94
1.9
1.95
1.95
1.95
1.9
1.9
1.9
1.85
1.81
1.77
1.77
1.75
1.75
1.83
1.83
1.83
1.83
1.81
1.81
1.81
1.81
1.82
1.78
1.83
1.83
1.83
1.83
1.84
1.84
1.84
1.84
1.88
1.88
1.83
1.83
1.83
1.83
1.83
1.83
1.83
1.89
1.89
1.93
1.91
1.91
1.87
1.87
1.83
1.83
1.83
1.85
1.85
1.88
1.88
1.88
1.87
1.85
1.87
1.87
1.86
1.86
1.92
1.93
1.92
1.92
1.94
1.92
1.92
1.92
1.92
1.92
1.88
1.86
1.86
1.86
1.86
1.81
1.81
1.78
1.83
1.83
1.83
1.83
1.83
1.8
1.83
1.84
1.84
1.82
1.89
1.89
1.89
1.86
1.87
1.87
1.87
1.87
1.87
1.87
1.87
1.89
1.9
1.92
1.92
1.92
1.92
1.91
1.91
1.91
1.9
1.9
1.9
1.93
1.93
1.93
1.93
1.93
1.93
1.93
1.94
1.96
1.97
2.03
2.03
2.03
2.07
2.07
2.06
2.06
2.09
2.09
2.11
2.11
2.12
2.12
2.19
2.19
2.19
2.19
2.26
2.26
2.2
2.2
2.2
2.2
2.21
2.22
2.25
2.25
2.28
2.26
2.26
2.26
2.23
2.2
2.2
2.2
2.2
2.2
2.2
2.2
2.18
2.21
2.21
2.18
2.18
2.18
2.18
2.18
2.2
2.19
2.17
2.16
2.16
2.25
2.25
2.25
2.25
2.25
2.29
2.29
2.22
2.25
2.25
2.25
2.25
2.18
2.18
2.18
2.19
2.25
2.25
2.25
2.25
2.25
2.25
2.25
2.2
2.2
2.2
2.2
2.22
2.2
2.18
2.15
2.15
2.15
2.15
2.15
2.11
2.11
2.11
2.11
2.12
2.12
2.08
2.08
2.1
2.09
2.09
2.09
2.09
2.09
2.09
2.09
2.09
2.09
2.09
2.09
2.09
2.09
2.12
2.12
2.13
2.2
2.15
2.15
2.17
2.17
2.17
2.17
2.17
2.17
2.17
2.17
2.17
2.19
2.19
2.18
2.18
2.19
2.19
2.18
2.18
2.16
2.16
2.14
2.16
2.16
2.16
2.23
2.23
2.23
2.23
2.25
2.28
2.26
2.26
2.31
2.34
2.34
2.34
2.35
2.35
2.31
2.31
2.31
2.31
2.31
2.31
2.27
2.27
2.23
2.23
2.25
2.24
2.24
2.24
2.24
2.24
2.24
2.24
2.22
2.22
2.22
2.22
2.23
2.21
2.21
2.21
2.21
2.24
2.21
2.18
2.18
2.18
2.17
2.17
2.17
2.17
2.17
2.2
2.26
2.26
2.26
2.26
2.2
2.2
2.2
2.2
2.2
2.2
2.17
2.18
2.19
2.19
2.2
2.2
2.2
2.22
2.23
2.23
2.26
2.22
2.22
2.23
2.2
2.18
2.18
2.18
2.18
2.18
2.18
2.18
2.17
2.17
2.13
2.11
2.11
2.15
2.15
2.15
2.11
2.11
2.11
2.11
2.11
2.11
2.16
2.17
2.17
2.17
2.17
2.18
2.18
2.16
2.12
2.16
2.16
2.14
2.13
2.1
2.12
2.12
2.13
2.13
2.13
2.13
2.13
2.13
2.13
2.1
2.1
2.1
2.1
2.08
2.08
2.1
2.1
2.1
2.1
2.1
2.1
2.08
2.15
2.1
2.09
2.09
2.09
2.08
2.11
2.16
2.14
2.14
2.14
2.14
2.09
2.1
2.08
2.08
2.12
2.15
2.17
2.17
2.22
2.27
2.27
2.27
2.27
2.27
2.27
2.26
2.26
2.26
2.27
2.28
2.29
2.26
2.26
2.22
2.22
2.2
2.2
2.2
2.2
2.2
2.21
2.24
2.24
2.22
2.22
2.22
2.24
2.23
2.29
2.26
2.26
2.26
2.26
2.26
2.26
2.26
2.2
2.2
2.2
2.22
2.21
2.21
2.21
2.16
2.16
2.18
2.18
2.18
2.26
2.21
2.19
2.19
2.21
2.21
2.2
2.2
2.2
2.24
2.21
2.21
2.21
2.19
2.18
2.18
2.18
2.17
2.17
2.17
2.16
2.13
2.13
2.13
2.13
2.13
2.13
2.19
2.19
2.19
2.19
2.24
2.24
2.24
2.24
2.24
2.24
2.21
2.21
2.21
2.21
2.19
2.16
2.16
2.16
2.14
2.12
2.12
2.12
2.17
2.17
2.17
2.17
2.17
2.17
2.17
2.12
2.12
2.12
2.12
2.12
2.07
2.01
2.02
2.03
1.99
1.93
1.92
1.92
1.96
1.99
2.02
2.04
2.01
1.98
2.02
2.02
2.02
2.02
2.01
1.98
1.95
1.89
1.87
1.86
1.85
1.85
1.85
1.85
1.85
1.86
1.85
1.85
1.85
1.85
1.82
1.85
1.85
1.85
1.82
1.8
1.81
1.84
1.84
1.84
1.84
1.88
1.88
1.81
1.81
1.81
1.8
1.8
1.84
1.84
1.81
1.81
1.79
1.78
1.78
1.78
1.78
1.78
1.78
1.78
1.75
1.74
1.77
1.73
1.73
1.73
1.73
1.73
1.73
1.73
1.73
1.7
1.69
1.7
1.7
1.7
1.7
1.7
1.7
1.7
1.74
1.74
1.73
1.73
1.74
1.74
1.74
1.73
1.7
1.68
1.68
1.68
1.7
1.7
1.7
1.7
1.7
1.7
1.7
1.7
1.7
1.74
1.74
1.67
1.68
1.71
1.71
1.7
1.73
1.76
1.76
1.76
1.76
1.77
1.77
1.77
1.78
1.78
1.73
1.66
1.66
1.67
1.67
1.62
1.56
1.59
1.59
1.64
1.64
1.64
1.64
1.65
1.65
1.61
1.61
1.69
1.69
1.69
1.68
1.72
1.65
1.65
1.59
1.59
1.59
1.63
1.63
1.63
1.63
1.63
1.62
1.63
1.63
1.63
1.64
1.64
1.64
1.64
1.64
1.64
1.61
1.61
1.61
1.67
1.7
1.7
1.77
1.75
1.75
1.69
1.69
1.67
1.67
1.7
1.7
1.67
1.63
1.63
1.65
1.68
1.68
1.68
1.68
1.68
1.68
1.68
1.72
1.71
1.67
1.67
1.67
1.67
1.67
1.67
1.67
1.67
1.65
1.68
1.68
1.68
1.72
1.72
1.73
1.76
1.79
1.77
1.77
1.77
1.77
1.81
1.83
1.83
1.83
1.83
1.83
1.83
1.83
1.83
1.79
1.78
1.78
1.78
1.78
1.76
1.76
1.78
1.78
1.78
1.78
1.74
1.74
1.74
1.74
1.74
1.74
1.74
1.74
1.66
1.66
1.66
1.6
1.6
1.6
1.6
1.6
1.6
1.6
1.6
1.6
1.63
1.7
1.7
1.69
1.69
1.69
1.67
1.67
1.67
1.65
1.65
1.65
1.65
1.65
1.66
1.66
1.62
1.71
1.65
1.66
1.66
1.61
1.57
1.57
1.55
1.53
1.58
1.55
1.55
1.54
1.62
1.68
1.68
1.7
1.7
1.7
1.7
1.7
1.7
1.67
1.68
1.68
1.68
1.68
1.66
1.73
1.7
1.7
1.7
1.7
1.7
1.74
1.74
1.74
1.68
1.73
1.75
1.75
1.75
1.75
1.75
1.75
1.84
1.87
1.8
1.82
1.82
1.82
1.82
1.82
1.84
1.84
1.84
1.84
1.84
1.87
1.87
1.87
1.87
1.87
1.92
1.87
1.92
1.92
2.01
2.01
1.99
1.99
1.99
1.99
2.0
1.97
1.97
1.97
1.97
1.98
1.98
1.94
1.94
1.95
1.93
1.93
1.9
1.87
1.87
1.88
1.88
1.84
1.85
1.8
1.8
1.8
1.8
1.78
1.76
1.76
1.76
1.76
1.76
1.74
1.71
1.71
1.66
1.68
1.69
1.68
1.67
1.63
1.66
1.66
1.66
1.62
1.63
1.62
1.66
1.63
1.63
1.63
1.63
1.63
1.61
1.61
1.59
1.56
1.62
1.62
1.59
1.59
1.61
1.61
1.61
1.61
1.61
1.61
1.61
1.61
1.61
1.61
1.6
1.6
1.6
1.58
1.58
1.51
1.52
1.49
1.5
1.49
1.47
1.47
1.47
1.47
1.49
1.51
1.5
1.56
1.61
1.62
1.62
1.6
1.64
1.64
1.65
1.69
1.69
1.65
1.7
1.7
1.71
1.71
1.68
1.68
1.66
1.63
1.57
1.57
1.57
1.52
1.52
1.52
1.52
1.52
1.52
1.52
1.52
1.52
1.52
1.52
1.52
1.52
1.49
1.53
1.53
1.53
1.53
1.56
1.55
1.51
1.51
1.51
1.51
1.5
1.53
1.53
1.51
1.51
1.53
1.54
1.54
1.54
1.55
1.54
1.54
1.54
1.59
1.59
1.57
1.59
1.59
1.59
1.59
1.66
1.66
1.63
1.63
1.58
1.57
1.57
1.57
1.52
1.52
1.52
1.52
1.52
1.52
1.52
1.52
1.52
1.58
1.64
1.69
1.69
1.68
1.68
1.67
1.67
1.67
1.67
1.67
1.65
1.65
1.7
1.7
1.7
1.7
1.72
1.77
1.79
1.79
1.79
1.8
1.8
1.8
1.8
1.8
1.81
1.79
1.79
1.79
1.79
1.79
1.76
1.76
1.79
1.79
1.79
1.8
1.83
1.83
1.83
1.83
1.79
1.74
1.74
1.73
1.8
1.76
1.76
1.76
1.76
1.83
1.82
1.82
1.82
1.82
1.86
1.8
1.73
1.72
1.72
1.72
1.73
1.73
1.73
1.73
1.73
1.73
1.73
1.73
1.73
1.73
1.73
1.72
1.7
1.67
1.67
1.75
1.74
1.74
1.77
1.83
1.81
1.81
1.86
1.86
1.89
1.91
1.91
1.93
1.88
1.88
1.88
1.88
1.88
1.86
1.86
1.85
1.85
1.85
1.85
1.85
1.85
1.85
1.86
1.86
1.85
1.78
1.78
1.78
1.78
1.8
1.8
1.82
1.82
1.8
1.8
1.8
1.8
1.8
1.8
1.76
1.79
1.79
1.83
1.83
1.84
1.84
1.82
1.82
1.79
1.8
1.77
1.78
1.73
1.73
1.73
1.68
1.68
1.68
1.68
1.67
1.75
1.75
1.75
1.75
1.75
1.75
1.75
1.8
1.8
1.8
1.8
1.8
1.73
1.73
1.68
1.68
1.66
1.6
1.63
1.65
1.66
1.63
1.62
1.62
1.62
1.62
1.65
1.64
1.64
1.64
1.65
1.65
1.65
1.71
1.71
1.71
1.74
1.77
1.83
1.83
1.83
1.76
1.78
1.81
1.78
1.78
1.82
1.87
1.86
1.91
1.94
1.96
1.93
1.94
1.94
1.91
1.92
1.92
1.98
2.05
1.98
1.98
1.97
1.97
1.99
1.99
1.99
1.96
1.92
1.97
1.97
1.97
2.0
2.0
2.0
2.0
2.0
2.0
2.01
2.01
2.04
2.05
1.99
1.99
1.99
1.99
1.99
1.96
1.96
1.94
1.94
1.95
2.0
1.95
1.95
1.92
1.92
1.92
1.92
1.92
1.89
1.89
1.92
1.92
1.97
2.0
2.0
2.0
1.94
1.94
1.94
1.91
1.88
1.88
1.94
1.94
1.94
1.94
1.94
1.93
1.95
1.94
2.0
2.0
1.97
1.97
1.92
1.87
1.87
1.87
1.89
1.84
1.82
1.82
1.8
1.8
1.8
1.8
1.77
1.71
1.71
1.75
1.75
1.75
1.75
1.75
1.75
1.75
1.75
1.75
1.8
1.8
1.78
1.78
1.77
1.77
1.72
1.72
1.72
1.72
1.72
1.72
1.71
1.71
1.71
1.71
1.71
1.67
1.68
1.68
1.69
1.64
1.55
1.55
1.55
1.57
1.57
1.57
1.57
1.57
1.57
1.58
1.58
1.58
1.66
1.66
1.62
1.65
1.64
1.64
1.6
1.6
1.6
1.59
1.57
1.53
1.53
1.53
1.49
1.49
1.48
1.48
1.51
1.53
1.5
1.5
1.5
1.47
1.47
1.47
1.47
1.47
1.44
1.43
1.43
1.43
1.43
1.43
1.43
1.43
1.49
1.49
1.56
1.56
1.56
1.55
1.53
1.56
1.56
1.56
1.56
1.59
1.59
1.56
1.59
1.6
1.61
1.61
1.61
1.61
1.61
1.61
1.61
1.61
1.58
1.58
1.58
1.58
1.62
1.64
1.64
1.63
1.61
1.61
1.57
1.59
1.59
1.59
1.59
1.59
1.59
1.59
1.62
1.58
1.58
1.5
1.5
1.5
1.55
1.55
1.56
1.57
1.55
1.56
1.56
1.51
1.55
1.55
1.55
1.5
1.5
1.5
1.52
1.51
1.5
1.5
1.51
1.51
1.55
1.53
1.55
1.55
1.55
1.56
1.57
1.57
1.51
1.51
1.51
1.51
1.59
1.59
1.59
1.58
1.58
1.58
1.56
1.56
1.56
1.56
1.55
1.55
1.56
1.56
1.56
1.56
1.56
1.56
1.56
1.58
1.58
1.61
1.61
1.61
1.64
1.64
1.64
1.6
1.6
1.57
1.57
1.57
1.57
1.54
1.57
1.64
1.64
1.66
1.66
1.66
1.72
1.72
1.73
1.73
1.73
1.74
1.74
1.74
1.74
1.74
1.74
1.74
1.77
1.72
1.72
1.73
1.73
1.73
1.73
1.73
1.72
1.72
1.72
1.72
1.74
1.74
1.75
1.75
1.68
1.68
1.68
1.68
1.67
1.65
1.65
1.65
1.65
1.65
1.67
1.62
1.62
1.58
1.58
1.55
1.55
1.53
1.53
1.56
1.56
1.52
1.51
1.51
1.55
1.55
1.56
1.56
1.56
1.6
1.54
1.57
1.57
1.57
1.57
1.54
1.57
1.49
1.49
1.54
1.54
1.54
1.54
1.54
1.57
1.56
1.55
1.59
1.59
1.61
1.61
1.61
1.62
1.62
1.59
1.59
1.59
1.64
1.64
1.64
1.66
1.69
1.69
1.68
1.73
1.76
1.76
1.76
1.76
1.81
1.81
1.86
1.85
1.85
1.85
1.87
1.87
1.8
1.8
1.8
1.8
1.8
1.77
1.77
1.77
1.77
1.77
1.74
1.74
1.74
1.73
1.71
1.71
1.72
1.72
1.71
1.77
1.77
1.78
1.77
1.77
1.7
1.71
1.73
1.73
1.73
1.78
1.77
1.7
1.7
1.7
1.7
1.76
1.79
1.79
1.79
1.78
1.78
1.78
1.82
1.82
1.86
1.84
1.84
1.84
1.84
1.84
1.77
1.77
1.82
1.82
1.82
1.83
1.8
1.8
1.84
1.84
1.84
1.82
1.82
1.8
1.82
1.82
1.87
1.87
1.87
1.82
1.82
1.82
1.82
1.82
1.88
1.88
1.9
1.9
1.92
1.89
1.89
1.89
1.89
1.89
1.93
1.93
1.93
1.97
1.94
1.92
1.92
1.9
1.96
1.94
1.94
1.94
1.94
1.92
1.92
1.92
1.92
1.86
1.86
1.86
1.9
1.9
1.9
1.9
1.86
1.89
1.86
1.86
1.86
1.93
1.87
1.87
1.86
1.8
1.8
1.8
1.79
1.72
1.72
1.72
1.74
1.71
1.71
1.71
1.71
1.71
1.69
1.67
1.67
1.71
1.71
1.71
1.71
1.77
1.77
1.77
1.77
1.77
1.74
1.74
1.7
1.7
1.7
1.7
1.7
1.7
1.65
1.65
1.63
1.72
1.75
1.74
1.74
1.71
1.71
1.76
1.76
1.76
1.76
1.77
1.77
1.77
1.77
1.77
1.77
1.77
1.75
1.75
1.75
1.78
1.8
1.8
1.8
1.8
1.8
1.8
1.86
1.86
1.86
1.85
1.77
1.77
1.77
1.77
1.77
1.77
1.73
1.73
1.73
1.73
1.67
1.67
1.67
1.67
1.73
1.73
1.7
1.7
1.7
1.7
1.7
1.7
1.63
1.65
1.65
1.71
1.71
1.71
1.71
1.71
1.71
1.71
1.69
1.69
1.7
1.7
1.7
1.67
1.74
1.74
1.74
1.74
1.78
1.78
1.78
1.79
1.79
1.79
1.79
1.79
1.79
1.78
1.84
1.82
1.85
1.85
1.91
1.99
1.99
1.97
1.97
1.97
1.97
1.91
1.91
1.91
1.88
1.89
1.89
1.86
1.86
1.82
1.82
1.82
1.83
1.83
1.83
1.8
1.8
1.76
1.76
1.76
1.73
1.77
1.77
1.77
1.77
1.77
1.76
1.76
1.78
1.82
1.83
1.8
1.8
1.8
1.8
1.8
1.8
1.8
1.82
1.83
1.83
1.81
1.81
1.85
1.83
1.83
1.84
1.85
1.85
1.83
1.83
1.81
1.81
1.81
1.84
1.85
1.87
1.8
1.79
1.76
1.76
1.76
1.74
1.66
1.66
1.6
1.65
1.62
1.56
1.56
1.56
1.51
1.51
1.52
1.52
1.52
1.52
1.52
1.52
1.52
1.45
1.46
1.41
1.35
1.35
1.36
1.4
1.4
1.34
1.34
1.34
1.35
1.38
1.38
1.38
1.4
1.41
1.42
1.42
1.42
1.42
1.43
1.43
1.43
1.43
1.43
1.43
1.41
1.41
1.41
1.41
1.43
1.43
1.4
1.42
1.41
1.41
1.41
1.42
1.42
1.42
1.42
1.36
1.42
1.42
1.38
1.41
1.46
1.46
1.46
1.46
1.48
1.48
1.48
1.5
1.47
1.44
1.44
1.52
1.51
1.51
1.51
1.51
1.51
1.51
1.51
1.52
1.52
1.52
1.52
1.52
1.52
1.53
1.53
1.52
1.53
1.56
1.56
1.59
1.59
1.65
1.65
1.64
1.64
1.64
1.64
1.6
1.59
1.59
1.62
1.62
1.59
1.55
1.6
1.6
1.6
1.6
1.6
1.6
1.6
1.65
1.65
1.65
1.69
1.69
1.69
1.75
1.8
1.8
1.8
1.8
1.79
1.79
1.75
1.75
1.74
1.74
1.7
1.68
1.68
1.71
1.71
1.71
1.78
1.78
1.78
1.78
1.75
1.78
1.78
1.78
1.77
1.79
1.78
1.82
1.82
1.78
1.78
1.78
1.75
1.75
1.75
1.74
1.74
1.74
1.77
1.72
1.75
1.78
1.83
1.83
1.81
1.83
1.83
1.83
1.83
1.83
1.83
1.83
1.83
1.78
1.78
1.82
1.82
1.77
1.77
1.79
1.79
1.79
1.85
1.83
1.83
1.8
1.8
1.85
1.84
1.84
1.86
1.86
1.79
1.79
1.79
1.77
1.76
1.76
1.76
1.76
1.76
1.74
1.74
1.73
1.78
1.78
1.77
1.77
1.69
1.66
1.66
1.68
1.68
1.62
1.62
1.58
1.58
1.58
1.58
1.58
1.54
1.55
1.55
1.48
1.48
1.48
1.44
1.44
1.43
1.44
1.44
1.4
1.37
1.37
1.37
1.43
1.43
1.47
1.52
1.53
1.58
1.6
1.59
1.59
1.6
1.6
1.61
1.61
1.61
1.61
1.6
1.6
1.6
1.64
1.65
1.65
1.65
1.64
1.64
1.64
1.58
1.6
1.63
1.63
1.67
1.67
1.67
1.7
1.7
1.7
1.7
1.7
1.7
1.72
1.72
1.71
1.71
1.76
1.72
1.72
1.72
1.71
1.74
1.74
1.75
1.69
1.69
1.63
1.63
1.67
1.66
1.63
1.63
1.63
1.61
1.61
1.64
1.71
1.71
1.71
