4.65
4.57
4.53
4.53
4.45
4.38
4.34
4.31
4.29
4.27
4.24
4.28
4.24
4.26
4.26
4.26
4.2
4.12
4.1
4.03
4.03
4.05
4.05
4.13
4.12
4.1
4.1
4.18
4.16
4.13
4.15
4.07
4.11
4.06
4.02
4.02
3.98
3.97
3.97
3.96
3.99
3.91
3.88
3.88
3.88
3.84
3.75
3.76
3.71
3.71
3.72
3.7
3.7
3.65
3.65
3.65
3.65
3.64
3.67
3.65
3.65
3.61
3.61
3.61
3.6
3.55
3.53
3.49
3.49
3.49
3.42
3.42
3.38
3.38
3.38
3.35
3.33
3.34
3.37
3.29
3.29
3.31
3.31
3.31
3.26
3.26
3.26
3.26
3.22
3.21
3.18
3.15
3.15
3.15
3.17
3.14
3.12
3.12
3.14
3.14
3.14
3.14
3.14
3.16
3.11
3.09
3.06
3.05
3.06
3.01
3.01
3.02
2.96
2.99
2.99
2.93
2.88
2.91
2.91
2.91
2.91
2.84
2.77
2.77
2.7
2.7
2.73
2.72
2.77
2.77
2.77
2.77
2.77
2.76
2.71
2.71
2.71
2.71
2.71
2.71
2.69
2.69
2.67
2.59
2.51
2.52
2.52
2.56
2.62
2.64
2.64
2.64
2.64
2.65
2.65
2.57
2.59
2.59
2.59
2.59
2.56
2.56
2.55
2.57
2.56
2.58
2.58
2.52
2.52
2.52
2.55
2.52
2.55
2.55
2.46
2.47
2.48
2.48
2.45
2.36
2.37
2.34
2.31
2.34
2.29
2.29
2.29
2.29
2.26
2.26
2.24
2.22
2.22
2.22
2.21
2.21
2.18
2.18
2.19
2.22
2.22
2.22
2.2
2.2
2.2
2.11
2.11
2.12
2.12
2.12
2.12
2.12
2.12
2.14
2.14
2.14
2.14
2.12
2.12
2.12
2.12
2.11
2.11
2.06
2.05
1.96
1.96
1.96
1.96
1.96
1.99
1.96
1.99
1.99
1.99
1.99
1.99
1.99
1.99
1.99
1.99
1.94
1.94
1.94
1.94
1.95
1.97
1.97
1.97
1.98
1.97
1.98
1.98
1.98
1.98
1.98
1.98
1.98
1.98
1.98
1.98
1.94
1.93
1.9
1.9
1.89
1.93
1.93
1.93
1.93
1.93
1.93
1.95
1.95
1.95
1.95
1.94
1.94
1.92
1.93
1.93
1.93
1.93
1.93
1.93
1.93
1.9
1.9
1.9
1.9
1.9
1.9
1.88
1.88
1.85
1.88
1.88
1.88
1.88
1.88
1.88
1.87
1.87
1.87
1.86
1.86
1.86
1.86
1.83
1.83
1.81
1.84
1.83
1.78
1.82
1.79
1.79
1.8
1.82
1.82
1.82
1.82
1.86
1.89
1.89
1.89
1.87
1.87
1.83
1.79
1.76
1.79
1.79
1.82
1.82
1.82
1.83
1.82
1.84
1.84
1.88
1.88
1.88
1.89
1.88
1.88
1.88
1.88
1.8
1.87
1.87
1.87
1.87
1.87
1.87
1.84
1.81
1.81
1.8
1.8
1.83
1.83
1.83
1.83
1.84
1.8
1.8
1.83
1.84
1.8
1.8
1.8
1.79
1.84
1.82
1.82
1.78
1.78
1.78
1.77
1.82
1.81
1.81
1.86
1.8
1.84
1.84
1.84
1.84
1.84
1.84
1.84
1.86
1.8
1.8
1.77
1.75
1.75
1.75
1.81
1.81
1.73
1.75
1.75
1.75
1.75
1.75
1.75
1.76
1.73
1.76
1.76
1.71
1.71
1.71
1.7
1.68
1.71
1.76
1.78
1.71
1.71
1.63
1.63
1.63
1.61
1.61
1.61
1.61
1.61
1.59
1.61
1.65
1.65
1.65
1.65
1.68
1.68
1.62
1.66
1.66
1.64
1.68
1.68
1.68
1.69
1.69
1.69
1.67
1.67
1.67
1.67
1.67
1.67
1.64
1.64
1.64
1.69
1.69
1.69
1.64
1.63
1.67
1.61
1.65
1.65
1.65
1.65
1.65
1.65
1.65
1.65
1.65
1.67
1.67
1.67
1.67
1.62
1.65
1.65
1.65
1.65
1.59
1.61
1.63
1.63
1.63
1.55
1.58
1.61
1.61
1.56
1.56
1.59
1.53
1.55
1.55
1.56
1.56
1.61
1.61
1.58
1.58
1.63
1.63
1.63
1.58
1.58
1.59
1.59
1.59
1.59
1.62
1.58
1.58
1.58
1.58
1.58
1.57
1.57
1.62
1.62
1.62
1.63
1.63
1.66
1.63
1.63
1.63
1.63
1.63
1.63
1.66
1.69
1.76
1.76
1.78
1.74
1.74
1.74
1.67
1.67
1.67
1.67
1.64
1.64
1.6
1.6
1.57
1.57
1.52
1.52
1.52
1.52
1.54
1.54
1.54
1.52
1.52
1.52
1.52
1.46
1.49
1.43
1.43
1.43
1.43
1.43
1.43
1.43
1.42
1.42
1.42
1.42
1.42
1.42
1.42
1.43
1.43
1.43
1.43
1.45
1.43
1.43
1.43
1.43
1.43
1.46
1.43
1.46
1.46
1.46
1.42
1.41
1.41
1.41
1.41
1.36
1.36
1.36
1.37
1.43
1.41
1.43
1.43
1.43
1.52
1.54
1.54
1.54
1.52
1.5
1.5
1.5
1.49
1.49
1.49
1.49
1.49
1.49
1.49
1.49
1.47
1.47
1.47
1.47
1.41
1.41
1.41
1.41
1.41
1.39
1.39
1.4
1.39
1.4
1.4
1.4
1.4
1.4
1.4
1.4
1.4
1.4
1.39
1.39
1.34
1.34
1.34
1.34
1.34
1.34
1.32
1.32
1.35
1.35
1.35
1.38
1.38
1.38
1.38
1.41
1.41
1.4
1.4
1.42
1.43
1.39
1.39
1.39
1.41
1.41
1.41
1.37
1.37
1.37
1.4
1.44
1.44
1.47
1.47
1.47
1.5
1.5
1.5
1.45
1.5
1.5
1.51
1.45
1.44
1.46
1.45
1.45
1.45
1.47
1.47
1.5
1.49
1.42
1.42
1.42
1.42
1.48
1.48
1.5
1.51
1.51
1.51
1.49
1.48
1.49
1.47
1.47
1.54
1.51
1.59
1.59
1.52
1.51
1.52
1.53
1.57
1.57
1.59
1.58
1.58
1.52
1.52
1.46
1.46
1.47
1.47
1.52
1.47
1.47
1.47
1.47
1.45
1.45
1.43
1.42
1.42
1.37
1.42
1.42
1.33
1.33
1.33
1.33
1.34
1.35
1.29
1.35
1.37
1.31
1.31
1.31
1.31
1.31
1.31
1.31
1.31
1.32
1.35
1.35
1.35
1.4
1.4
1.41
1.41
1.41
1.41
1.48
1.48
1.48
1.5
1.54
1.54
1.54
1.5
1.49
1.48
1.4
1.4
1.4
1.4
1.38
1.39
1.44
1.44
1.44
1.46
1.46
1.46
1.46
1.43
1.43
1.43
1.46
1.47
1.47
1.51
1.51
1.51
1.51
1.51
1.55
1.51
1.51
1.51
1.51
1.51
1.43
1.42
1.43
1.43
1.46
1.46
1.46
1.46
1.46
1.42
1.42
1.41
1.37
1.38
1.46
1.46
1.46
1.46
1.45
1.44
1.44
1.44
1.46
1.43
1.43
1.43
1.43
1.41
1.41
1.4
1.4
1.4
1.34
1.34
1.36
1.38
1.38
1.36
1.31
1.35
1.35
1.35
1.36
1.36
1.36
1.36
1.36
1.36
1.36
1.36
1.36
1.36
1.36
1.36
1.43
1.44
1.43
1.43
1.43
1.43
1.46
1.45
1.45
1.45
1.51
1.47
1.45
1.45
1.45
1.46
1.44
1.45
1.45
1.45
1.45
1.45
1.38
1.42
1.39
1.39
1.39
1.39
1.39
1.35
1.35
1.35
1.35
1.35
1.36
1.38
1.38
1.44
1.45
1.45
1.5
1.5
1.5
1.53
1.53
1.53
1.61
1.61
1.61
1.61
1.63
1.63
1.63
1.67
1.67
1.71
1.71
1.74
1.78
1.78
1.78
1.78
1.78
1.78
1.78
1.78
1.76
1.76
1.77
1.73
1.77
1.81
1.84
1.84
1.81
1.81
1.81
1.81
1.76
1.83
1.83
1.83
1.83
1.77
1.78
1.78
1.72
1.7
1.67
1.64
1.64
1.64
1.62
1.64
1.66
1.66
1.64
1.64
1.64
1.66
1.66
1.66
1.66
1.66
1.67
1.67
1.65
1.65
1.72
1.72
1.72
1.72
1.72
1.68
1.75
1.77
1.74
1.74
1.74
1.74
1.71
1.71
1.65
1.64
1.71
1.71
1.71
1.75
1.8
1.8
1.8
1.84
1.84
1.83
1.83
1.83
1.83
1.83
1.83
1.79
1.79
1.79
1.79
1.79
1.72
1.72
1.72
1.72
1.72
1.72
1.7
1.7
1.7
1.7
1.68
1.74
1.72
1.72
1.7
1.7
1.71
1.71
1.71
1.7
1.63
1.63
1.63
1.69
1.65
1.65
1.64
1.65
1.65
1.67
1.7
1.71
1.71
1.71
1.71
1.71
1.71
1.67
1.71
1.65
1.7
1.7
1.75
1.76
1.76
1.73
1.73
1.73
1.71
1.71
1.71
1.71
1.71
1.71
1.77
1.77
1.77
1.74
1.77
1.77
1.82
1.82
1.82
1.85
1.85
1.85
1.85
1.85
1.85
1.85
1.85
1.85
1.85
1.85
1.85
1.85
1.84
1.84
1.84
1.84
1.84
1.91
1.91
1.9
1.84
1.84
1.84
1.87
1.89
1.87
1.87
1.88
1.88
1.85
1.85
1.85
1.85
1.8
1.8
1.81
1.83
1.84
1.83
1.81
1.81
1.81
1.79
1.79
1.8
1.8
1.8
1.87
1.89
1.89
1.89
1.89
1.93
1.94
1.94
1.88
1.88
1.87
1.87
1.87
1.87
1.87
1.87
1.87
1.85
1.84
1.81
1.82
1.77
1.77
1.77
1.79
1.79
1.77
1.78
1.78
1.8
1.89
1.89
1.9
1.88
1.91
1.91
1.91
1.91
1.91
1.91
1.91
1.94
1.94
1.94
1.91
1.93
1.93
1.93
1.96
1.96
1.96
2.01
2.01
2.05
2.09
2.08
2.08
2.08
2.08
2.1
2.13
2.08
2.08
2.15
2.11
2.05
2.05
2.05
2.05
2.02
2.01
2.01
1.98
1.94
1.94
1.94
1.92
1.86
1.8
1.8
1.79
1.79
1.77
1.77
1.77
1.75
1.79
1.77
1.77
1.81
1.85
1.83
1.84
1.84
1.84
1.77
1.77
1.74
1.74
1.74
1.78
1.78
1.78
1.73
1.73
1.73
1.73
1.73
1.76
1.8
1.88
1.92
1.93
1.93
1.93
1.93
1.93
1.91
1.91
1.91
1.96
2.03
2.03
1.95
1.95
1.95
1.94
1.91
1.87
1.86
1.86
1.86
1.92
1.92
1.92
1.92
1.92
1.92
1.92
1.92
1.91
1.91
1.91
1.94
1.95
1.95
1.89
1.89
1.89
1.85
1.89
1.89
1.89
1.89
1.92
1.92
1.92
1.91
1.91
2.0
2.0
2.0
2.0
2.0
1.95
1.99
1.99
1.99
1.98
1.98
1.99
2.02
2.0
2.04
2.04
2.04
2.0
2.07
2.05
2.05
2.05
2.09
2.03
2.0
2.0
2.0
2.0
2.01
2.01
2.01
2.01
1.96
1.9
1.9
1.92
1.92
1.92
1.98
1.98
1.98
1.98
1.98
1.97
1.93
1.94
1.95
1.95
1.97
1.97
1.97
2.01
2.01
2.01
2.01
2.01
2.0
2.02
2.02
2.01
2.01
1.98
1.97
2.02
2.07
2.07
2.1
2.1
2.1
2.1
2.1
2.1
2.12
2.12
2.12
2.16
2.16
2.16
2.16
2.16
2.16
2.16
2.16
2.16
2.19
2.19
2.24
2.25
2.25
2.25
2.25
2.26
2.21
2.21
2.21
2.19
2.19
2.19
2.19
2.19
2.19
2.19
2.18
2.18
2.18
2.16
2.16
2.13
2.13
2.13
2.06
2.08
2.08
2.11
2.11
2.13
2.13
2.13
2.13
2.14
2.17
2.15
2.16
2.16
2.15
2.15
2.2
2.19
2.19
2.19
2.19
2.19
2.17
2.13
2.09
2.05
2.07
2.07
2.08
2.04
2.06
2.06
2.04
2.11
2.11
2.11
2.12
2.12
2.12
2.12
2.12
2.11
2.13
2.13
2.13
2.13
2.09
2.09
2.09
2.1
2.08
2.08
2.1
2.08
2.1
2.1
2.1
2.09
2.09
2.09
2.09
2.09
2.08
2.08
2.04
2.04
2.04
2.04
2.04
2.04
2.04
2.07
2.07
2.07
2.07
2.07
2.07
2.07
2.07
2.07
2.1
2.09
2.09
2.06
2.1
2.1
2.09
2.09
2.06
2.11
2.11
2.12
2.12
2.12
2.12
2.12
2.11
2.08
2.08
2.08
2.08
2.04
2.04
2.02
2.02
2.02
2.02
1.99
2.05
2.08
2.02
2.01
2.01
2.04
2.01
2.01
2.01
2.01
2.01
2.02
2.02
2.02
2.02
2.02
2.07
2.07
2.07
2.07
2.07
2.07
2.04
1.95
1.95
1.97
1.97
1.97
1.97
1.97
1.97
1.99
1.99
1.99
1.99
1.99
1.99
1.98
2.01
2.04
2.02
2.03
2.09
2.09
2.12
2.12
2.11
2.11
2.11
2.11
2.11
2.11
2.11
2.12
2.15
2.1
2.07
2.07
2.13
2.13
2.13
2.1
2.11
2.11
2.11
2.11
2.11
2.11
2.12
2.1
2.16
2.16
2.16
2.16
2.23
2.23
2.23
2.25
2.25
2.25
2.26
2.26
2.26
2.26
2.26
2.26
2.26
2.26
2.26
2.26
2.22
2.22
2.22
2.23
2.25
2.25
2.21
2.21
2.2
2.19
2.19
2.21
2.22
2.22
2.22
2.22
2.19
2.23
2.27
2.28
2.28
2.28
2.28
2.26
2.26
2.26
2.26
2.26
2.26
2.28
2.27
2.3
2.3
2.25
2.18
2.14
2.17
2.15
2.15
2.15
2.15
2.15
2.17
2.24
2.24
2.24
2.24
2.26
2.26
2.34
2.3
2.3
2.3
2.33
2.3
2.3
2.29
2.29
2.23
2.23
2.22
2.25
2.3
2.3
2.3
2.3
2.3
2.3
2.3
2.24
2.24
2.24
2.24
2.24
2.24
2.24
2.24
2.24
2.2
2.2
2.2
2.2
2.2
2.2
2.18
2.18
2.18
2.22
2.22
2.22
2.24
2.17
2.11
2.11
2.11
2.12
2.12
2.12
2.12
2.12
2.19
2.19
2.18
2.18
2.18
2.21
2.22
2.22
2.22
2.22
2.29
2.29
2.29
2.29
2.29
2.29
2.29
2.29
2.29
2.29
2.26
2.28
2.23
2.23
2.24
2.16
2.16
2.22
2.21
2.21
2.2
2.19
2.19
2.18
2.18
2.18
2.12
2.07
2.07
2.11
2.11
2.07
2.07
2.07
2.04
2.04
2.04
2.04
2.09
2.09
2.09
2.09
2.09
2.09
2.07
2.07
2.07
2.03
2.06
2.06
2.03
2.03
2.01
2.01
1.98
1.98
1.98
1.95
1.97
1.97
1.97
1.97
1.97
1.97
1.92
1.92
1.95
1.95
1.9
1.9
1.92
1.87
1.88
1.82
1.82
1.82
1.82
1.82
1.88
1.82
1.82
1.82
1.81
1.81
1.8
1.8
1.8
1.8
1.73
1.73
1.73
1.68
1.68
1.68
1.68
1.66
1.66
1.61
1.61
1.61
1.61
1.61
1.65
1.67
1.69
1.69
1.74
1.73
1.73
1.69
1.69
1.71
1.71
1.71
1.71
1.74
1.74
1.74
1.74
1.74
1.76
1.76
1.78
1.77
1.77
1.73
1.73
1.75
1.75
1.79
1.79
1.75
1.75
1.74
1.74
1.74
1.75
1.73
1.73
1.66
1.66
1.68
1.68
1.69
1.69
1.71
1.69
1.69
1.7
1.7
1.75
1.75
1.8
1.75
1.75
1.76
1.76
1.76
1.76
1.77
1.74
1.72
1.72
1.72
1.72
1.72
1.72
1.72
1.72
1.75
1.76
1.76
1.76
1.76
1.76
1.76
1.75
1.75
1.76
1.76
1.76
1.76
1.76
1.75
1.75
1.75
1.75
1.75
1.75
1.75
1.75
1.74
1.73
1.71
1.67
1.66
1.7
1.7
1.67
1.64
1.64
1.58
1.58
1.58
1.59
1.59
1.59
1.65
1.65
1.68
1.69
1.72
1.75
1.75
1.75
1.78
1.78
1.78
1.78
1.72
1.72
1.72
1.72
1.72
1.67
1.67
1.61
1.61
1.61
1.61
1.61
1.53
1.47
1.47
1.49
1.49
1.49
1.49
1.49
1.49
1.49
1.51
1.5
1.5
1.54
1.56
1.56
1.56
1.55
1.56
1.56
1.56
1.56
1.55
1.55
1.54
1.53
1.51
1.51
1.51
1.49
1.49
1.52
1.52
1.52
1.51
1.51
1.56
1.6
1.53
1.49
1.49
1.45
1.45
1.45
1.45
1.42
1.43
1.43
1.5
1.5
1.47
1.4
1.45
1.45
1.5
1.5
1.5
1.5
1.45
1.43
1.39
1.41
1.4
1.4
1.4
1.4
1.4
1.45
1.45
1.45
1.41
1.43
1.45
1.45
1.43
1.46
1.46
1.46
1.46
1.44
1.44
1.44
1.44
1.44
1.42
1.49
1.56
1.59
1.56
1.56
1.56
1.56
1.57
1.57
1.65
1.65
1.63
1.63
1.63
1.7
1.72
1.79
1.77
1.77
1.73
1.69
1.7
1.69
1.69
1.69
1.69
1.64
1.65
1.65
1.66
1.68
1.68
1.68
1.68
1.67
1.67
1.67
1.65
1.65
1.66
1.66
1.66
1.61
1.61
1.61
1.61
1.57
1.65
1.65
1.65
1.65
1.65
1.61
1.61
1.61
1.62
1.62
1.61
1.62
1.61
1.61
1.61
1.61
1.61
1.61
1.64
1.57
1.56
1.56
1.56
1.53
1.53
1.54
1.54
1.51
1.51
1.51
1.51
1.55
1.58
1.64
1.64
1.64
1.64
1.63
1.63
1.63
1.63
1.63
1.63
1.62
1.62
1.62
1.62
1.63
1.63
1.61
1.61
1.59
1.6
1.59
1.6
1.6
1.65
1.58
1.59
1.62
1.62
1.62
1.62
1.62
1.63
1.63
1.63
1.63
1.59
1.59
1.54
1.57
1.57
1.57
1.57
1.57
1.64
1.64
1.7
1.7
1.68
1.66
1.66
1.64
1.58
1.58
1.6
1.56
1.56
1.52
1.52
1.52
1.53
1.53
1.53
1.53
1.53
1.53
1.53
1.57
1.57
1.57
1.58
1.58
1.58
1.58
1.57
1.57
1.57
1.57
1.57
1.55
1.56
1.56
1.55
1.55
1.56
1.56
1.56
1.56
1.56
1.6
1.61
1.61
1.61
1.61
1.61
1.58
1.58
1.56
1.52
1.52
1.52
1.48
1.47
1.46
1.46
1.46
1.46
1.46
1.46
1.46
1.48
1.51
1.51
1.53
1.53
1.5
1.53
1.52
1.52
1.49
1.52
1.52
1.52
1.52
1.53
1.53
1.57
1.57
1.58
1.6
1.6
1.6
1.62
1.65
1.65
1.71
1.71
1.71
1.7
1.7
1.7
1.7
1.69
1.71
1.71
1.7
1.7
1.7
1.76
1.76
1.76
1.76
1.76
1.76
1.78
1.75
1.75
1.75
1.77
1.77
1.77
1.75
1.75
1.75
1.75
1.75
1.75
1.75
1.81
1.81
1.81
1.81
1.81
1.79
1.79
1.79
1.81
1.81
1.8
1.8
1.84
1.76
1.76
1.76
1.78
1.78
1.8
1.77
1.8
1.79
1.83
1.83
1.78
1.79
1.73
1.73
1.73
1.73
1.73
1.73
1.73
1.73
1.73
1.73
1.73
1.73
1.73
1.73
1.77
1.79
1.84
1.79
1.77
1.76
1.73
1.73
1.73
1.73
1.73
1.73
1.73
1.73
1.7
1.7
1.72
1.67
1.66
1.71
1.71
1.71
1.71
1.71
1.71
1.71
1.69
1.77
1.69
1.69
1.7
1.73
1.73
1.73
1.65
1.65
1.65
1.69
1.69
1.69
1.65
1.65
1.65
1.64
1.58
1.58
1.55
1.5
1.5
1.46
1.47
1.47
1.44
1.44
1.44
1.38
1.41
1.39
1.39
1.39
1.39
1.39
1.41
1.45
1.45
1.44
1.41
1.43
1.43
1.43
1.48
1.48
1.48
1.48
1.45
1.41
1.41
1.41
1.41
1.41
1.44
1.44
1.47
1.47
1.47
1.46
1.43
1.43
1.43
1.43
1.46
1.52
1.52
1.52
1.56
1.56
1.56
1.56
1.5
1.5
1.5
1.52
1.48
1.48
1.48
1.48
1.48
1.48
1.49
1.49
1.5
1.45
1.45
1.45
1.45
1.45
1.45
1.43
1.47
1.46
1.45
1.5
1.46
1.53
1.53
1.59
1.59
1.59
1.61
1.6
1.6
1.6
1.6
1.6
1.57
1.57
1.53
1.53
1.51
1.53
1.54
1.57
1.57
1.57
1.56
1.52
1.57
1.53
1.53
1.52
1.52
1.52
1.56
1.56
1.56
1.56
1.63
1.63
1.63
1.63
1.67
1.67
1.68
1.61
1.61
1.61
1.61
1.61
1.61
1.62
1.64
1.64
1.64
1.64
1.58
1.63
1.67
1.67
1.66
1.66
1.69
1.69
1.69
1.69
1.65
1.65
1.65
1.72
1.72
1.72
1.75
1.81
1.77
1.77
1.77
1.77
1.78
1.85
1.86
1.86
1.79
1.79
1.78
1.71
1.71
1.7
1.7
1.7
1.7
1.7
1.7
1.7
1.71
1.71
1.71
1.71
1.71
1.71
1.65
1.69
1.7
1.7
1.75
1.79
1.84
1.84
1.84
1.84
1.84
1.84
1.84
1.84
1.84
1.79
1.77
1.77
1.79
1.79
1.8
1.8
1.88
1.88
1.88
1.88
1.88
1.88
1.88
1.88
1.88
1.9
1.86
1.86
1.86
1.86
1.85
1.85
1.87
1.82
1.83
1.83
1.83
1.83
1.82
1.82
1.81
1.81
1.78
1.8
1.73
1.73
1.69
1.69
1.69
1.69
1.75
1.75
1.75
1.75
1.71
1.72
1.72
1.74
1.74
1.7
1.68
1.68
1.62
1.63
1.63
1.59
1.52
1.52
1.52
1.58
1.58
1.59
1.58
1.58
1.56
1.53
1.54
1.52
1.5
1.5
1.5
1.49
1.49
1.49
1.54
1.54
1.54
1.52
1.52
1.54
1.54
1.54
1.57
1.57
1.61
1.61
1.61
1.61
1.58
1.58
1.56
1.55
1.57
1.57
1.6
1.6
1.6
1.6
1.6
1.63
1.63
1.63
1.63
1.67
1.65
1.65
1.68
1.68
1.68
1.67
1.67
1.64
1.64
1.64
1.64
1.64
1.61
1.61
1.61
1.61
1.61
1.61
1.63
1.63
1.6
1.6
1.56
1.57
1.59
1.6
1.59
1.59
1.57
1.63
1.63
1.65
1.65
1.65
1.64
1.67
1.64
1.71
1.71
1.72
1.72
1.72
1.71
1.76
1.73
1.75
1.75
1.8
1.79
1.79
1.74
1.74
1.74
1.75
1.74
1.79
1.79
1.79
1.78
1.78
1.78
1.82
1.82
1.77
1.79
1.79
1.76
1.76
1.76
1.76
1.74
1.74
1.73
1.73
1.73
1.73
1.77
1.77
1.77
1.77
1.77
1.75
1.81
1.85
1.85
1.85
1.89
1.89
1.86
1.86
1.87
1.84
1.79
1.78
1.78
1.77
1.77
1.77
1.77
1.8
1.73
1.73
1.69
1.64
1.62
1.58
1.56
1.54
1.54
1.54
1.54
1.54
1.54
1.59
1.56
1.53
1.52
1.51
1.51
1.51
1.51
1.55
1.55
1.51
1.52
1.52
1.54
1.58
1.59
1.59
1.6
1.6
1.65
1.65
1.65
1.65
1.65
1.65
1.69
1.69
1.69
1.69
1.69
1.69
1.69
1.69
1.69
1.69
1.69
1.69
1.69
1.69
1.69
1.69
1.69
1.69
1.71
1.71
1.71
1.71
1.71
1.75
1.75
1.75
1.79
1.79
1.78
1.78
1.78
1.74
1.74
1.74
1.74
1.74
1.72
1.73
1.73
1.73
1.73
1.73
1.73
1.73
1.73
1.77
1.77
1.77
1.77
1.77
1.74
1.72
1.72
1.76
1.76
1.77
1.77
1.77
1.8
1.8
1.81
1.81
1.81
1.85
1.85
1.79
1.79
1.79
1.79
1.8
1.78
1.79
1.79
1.79
1.79
1.79
1.79
1.79
1.74
1.75
1.75
1.7
1.7
1.66
1.66
1.66
1.66
1.67
1.67
1.67
1.66
1.6
1.65
1.65
1.65
1.69
1.69
1.65
1.65
1.65
1.65
1.6
1.63
1.63
1.54
1.54
1.54
1.48
1.46
1.48
1.49
1.44
1.44
1.45
1.45
1.45
1.45
1.49
1.49
1.52
1.53
1.53
1.56
1.56
1.56
1.56
1.56
1.56
1.56
1.56
1.58
1.52
1.52
1.52
1.56
1.56
1.56
1.56
1.56
1.61
1.59
1.61
1.61
1.59
1.59
1.56
1.56
1.56
1.57
1.54
1.55
1.61
1.61
1.56
1.56
1.54
1.57
1.58
1.53
1.53
1.53
1.53
1.56
1.56
1.56
1.56
1.48
1.47
1.47
1.47
1.45
1.45
1.5
1.52
1.57
1.62
1.62
1.64
1.64
1.61
1.6
1.59
1.65
1.69
1.69
1.7
1.69
1.69
1.69
1.67
1.71
1.71
1.71
1.71
1.71
1.74
1.74
1.74
1.74
1.77
1.81
1.83
1.83
1.83
1.83
1.83
1.83
1.83
1.83
1.77
1.84
1.86
1.86
1.89
1.89
1.89
1.89
1.89
1.89
1.86
1.86
1.86
1.86
1.83
1.9
1.87
1.88
1.87
1.87
1.87
1.87
1.87
1.87
1.83
1.83
1.83
1.83
1.83
1.83
1.82
1.85
1.85
1.8
1.81
1.81
1.85
1.85
1.85
1.81
1.81
1.78
1.78
1.78
1.78
1.78
1.78
1.82
1.82
1.85
1.79
1.71
1.71
1.71
1.71
1.71
1.71
1.71
1.71
1.71
1.71
1.71
1.68
1.68
1.65
1.65
1.65
1.63
1.63
1.65
1.64
1.63
1.63
1.62
1.62
1.67
1.67
1.67
1.7
1.67
1.67
1.69
1.65
1.66
1.69
1.68
1.68
1.66
1.62
1.7
1.7
1.7
1.7
1.7
1.66
1.66
1.61
1.6
1.6
1.6
1.6
1.58
1.61
1.61
1.61
1.61
1.61
1.61
1.69
1.66
1.66
1.64
1.62
1.62
1.62
1.62
1.62
1.62
1.62
1.62
1.62
1.68
1.76
1.77
1.8
1.8
1.79
1.77
1.77
1.77
1.77
1.74
1.74
1.74
1.71
1.71
1.75
1.75
1.71
1.71
1.7
1.7
1.71
1.71
1.71
1.68
1.66
1.73
1.76
1.76
1.76
1.76
1.78
1.78
1.77
1.77
1.77
1.77
1.73
1.73
1.73
1.73
1.69
1.73
1.73
1.75
1.68
1.68
1.69
1.68
1.68
1.68
1.65
1.65
1.65
1.68
1.7
1.7
1.65
1.65
1.66
1.66
1.64
1.64
1.65
1.7
1.73
1.73
1.67
1.67
1.67
1.71
1.71
1.71
1.73
1.73
1.73
1.73
1.73
1.73
1.7
1.68
1.68
1.68
1.67
1.67
1.67
1.68
1.68
1.68
1.68
1.69
1.74
1.77
1.76
1.76
1.72
1.72
1.74
1.71
1.71
1.71
1.67
1.65
1.68
1.68
1.64
1.71
1.71
1.67
1.67
1.63
1.61
1.61
1.68
1.68
1.63
1.67
1.67
1.62
1.62
1.62
1.6
1.57
1.64
1.67
1.63
1.63
1.65
1.65
1.65
1.62
1.54
1.54
1.54
1.54
1.54
1.56
1.58
1.58
1.66
1.66
1.66
1.66
1.72
1.72
1.68
1.68
1.65
1.7
1.7
1.7
1.64
1.64
1.64
1.65
1.65
1.63
1.63
1.63
1.63
1.63
1.63
1.63
1.69
1.67
1.63
1.63
1.63
1.63
1.6
1.6
1.68
1.68
1.64
1.69
1.66
1.69
1.69
1.69
1.7
1.7
1.7
1.73
1.73
1.66
1.66
1.67
1.67
1.69
1.76
1.76
1.77
1.77
1.77
1.77
1.77
1.77
1.69
1.69
1.69
1.69
1.7
1.7
1.65
1.65
1.66
1.73
1.73
1.74
1.72
1.76
1.75
1.72
1.72
1.72
1.72
1.72
1.64
1.66
1.66
1.66
1.66
1.73
1.72
1.72
1.72
1.71
1.71
1.71
1.71
1.63
1.63
1.63
1.63
1.63
1.61
1.64
1.64
1.6
1.61
1.63
1.63
1.63
1.63
1.63
1.62
1.62
1.62
1.62
1.63
1.63
1.63
1.63
1.63
1.63
1.63
1.58
1.58
1.58
1.58
1.55
1.55
1.55
1.63
1.63
1.68
1.67
1.67
1.71
1.71
1.71
1.71
1.71
1.71
1.71
1.74
1.74
1.74
1.74
1.74
1.74
1.74
1.74
1.76
1.76
1.74
1.74
1.7
1.72
1.72
1.71
1.67
1.67
1.67
1.67
1.67
1.67
1.7
1.65
1.6
1.6
1.64
1.64
1.65
1.65
1.67
1.68
1.68
1.71
1.7
1.7
1.76
1.76
1.76
1.76
1.76
1.76
1.76
1.73
1.78
1.78
1.79
1.8
1.83
1.83
1.83
1.83
1.81
1.8
1.8
1.79
1.79
1.83
1.84
1.84
1.84
1.84
1.82
1.82
1.87
1.91
1.94
1.91
1.91
1.94
1.91
1.91
1.94
1.93
1.93
1.92
1.92
1.92
1.92
1.92
1.89
1.89
1.89
1.93
2.02
1.96
1.94
1.9
1.85
1.87
1.84
1.84
1.84
1.84
1.84
1.83
1.77
1.76
1.76
1.76
1.76
1.75
1.75
1.75
1.75
1.75
1.79
1.79
1.78
1.78
1.78
1.78
1.78
1.77
1.73
1.73
1.74
1.74
1.67
1.64
1.64
1.62
1.58
1.58
1.58
1.58
1.58
1.58
1.58
1.57
1.58
1.57
1.56
1.56
1.55
1.55
1.54
1.54
1.54
1.57
1.54
1.55
1.55
1.55
1.55
1.53
1.53
1.49
1.49
1.49
1.49
1.49
1.49
1.48
1.51
1.51
1.54
1.59
1.59
1.59
1.59
1.65
1.65
1.64
1.66
1.66
1.66
1.66
1.66
1.68
1.68
1.68
1.68
1.68
1.68
1.71
1.75
1.75
1.75
1.74
1.82
1.82
1.82
1.86
1.89
1.94
1.94
1.92
1.93
1.93
1.93
1.93
2.0
2.0
2.0
2.02
2.01
2.01
2.01
2.01
1.95
1.95
1.97
1.94
1.92
1.92
1.94
1.9
1.89
1.89
1.89
1.88
1.88
1.88
1.88
1.88
1.87
1.87
1.87
1.87
1.87
1.89
1.92
1.92
1.94
1.93
1.93
1.93
1.91
1.91
1.89
1.89
1.95
1.91
1.91
1.93
1.93
1.93
1.93
1.92
1.92
1.88
1.88
1.86
1.86
1.86
1.86
1.84
1.78
1.78
1.78
1.74
1.74
1.73
1.75
1.75
1.75
1.72
1.69
1.69
1.69
1.69
1.69
1.69
1.73
1.73
1.73
1.76
1.71
1.75
1.78
1.78
1.78
1.78
1.77
1.77
1.77
1.78
1.78
1.78
1.78
1.78
1.78
1.84
1.82
1.84
1.85
1.81
1.81
1.81
1.86
1.86
1.86
1.85
1.85
1.85
1.85
1.85
1.83
1.84
1.84
1.84
1.84
1.85
1.85
1.85
1.81
1.77
1.77
1.77
1.75
1.75
1.77
1.77
1.82
1.83
1.83
1.85
1.85
1.85
