4.82
4.77
4.81
4.82
4.86
4.89
4.85
4.86
4.78
4.87
4.87
4.93
4.96
4.91
4.85
4.86
4.78
4.81
4.75
4.74
4.73
4.67
4.62
4.56
4.54
4.49
4.49
4.53
4.54
4.49
4.43
4.49
4.54
4.54
4.47
4.47
4.47
4.4
4.41
4.37
4.28
4.31
4.39
4.39
4.35
4.36
4.35
4.36
4.35
4.36
4.35
4.34
4.26
4.29
4.29
4.23
4.23
4.22
4.22
4.23
4.19
4.21
4.21
4.17
4.23
4.24
4.17
4.14
4.13
4.15
4.15
4.09
4.13
4.07
4.06
4.06
4.06
4.0
4.02
4.05
3.99
3.99
3.95
3.93
3.92
3.99
4.01
4.01
3.97
3.97
3.96
3.96
3.98
3.95
3.95
3.96
3.96
3.98
3.98
4.02
3.97
4.0
3.97
3.97
3.96
3.96
4.0
4.0
4.0
4.0
3.93
3.95
3.94
3.94
3.94
3.95
3.91
3.88
3.89
3.97
3.97
3.97
3.98
3.94
3.97
3.92
3.98
3.9
3.89
3.85
3.85
3.85
3.85
3.81
3.81
3.81
3.81
3.83
3.86
3.86
3.86
3.77
3.7
3.74
3.74
3.73
3.73
3.68
3.68
3.67
3.59
3.53
3.54
3.53
3.56
3.56
3.52
3.52
3.52
3.54
3.54
3.54
3.54
3.51
3.48
3.48
3.48
3.42
3.45
3.43
3.42
3.42
3.42
3.4
3.4
3.38
3.38
3.38
3.38
3.4
3.39
3.39
3.33
3.33
3.33
3.4
3.37
3.37
3.34
3.29
3.29
3.32
3.31
3.3
3.3
3.3
3.3
3.29
3.29
3.27
3.29
3.22
3.2
3.2
3.23
3.23
3.18
3.17
3.17
3.17
3.21
3.17
3.21
3.21
3.21
3.21
3.21
3.21
3.19
3.19
3.19
3.22
3.22
3.22
3.18
3.15
3.15
3.14
3.11
3.04
2.99
2.99
2.99
2.98
2.98
3.02
3.06
3.06
3.05
2.97
2.93
2.95
3.0
3.01
3.01
3.01
2.99
2.95
2.99
2.99
2.99
2.98
2.93
2.91
2.91
2.91
2.88
2.88
2.85
2.9
2.89
2.88
2.89
2.96
2.95
2.95
2.95
2.95
2.99
2.91
2.9
2.91
2.9
2.9
2.93
2.94
2.9
2.9
2.87
2.83
2.83
2.81
2.88
2.88
2.85
2.85
2.84
2.84
2.81
2.82
2.84
2.84
2.81
2.78
2.81
2.82
2.75
2.74
2.68
2.68
2.68
2.68
2.71
2.71
2.68
2.68
2.68
2.69
2.67
2.68
2.69
2.69
2.66
2.66
2.68
2.72
2.65
2.62
2.62
2.62
2.62
2.59
2.59
2.59
2.53
2.55
2.55
2.53
2.53
2.51
2.52
2.5
2.49
2.47
2.47
2.47
2.48
2.54
2.5
2.51
2.55
2.53
2.53
2.53
2.52
2.55
2.59
2.59
2.65
2.71
2.71
2.72
2.72
2.79
2.79
2.79
2.72
2.68
2.68
2.68
2.68
2.65
2.72
2.69
2.68
2.69
2.71
2.71
2.71
2.71
2.7
2.63
2.62
2.63
2.58
2.58
2.55
2.55
2.53
2.46
2.46
2.42
2.42
2.42
2.42
2.37
2.37
2.38
2.3
2.3
2.29
2.25
2.26
2.21
2.15
2.21
2.19
2.2
2.2
2.21
2.21
2.21
2.21
2.21
2.21
2.15
2.07
2.07
2.11
2.15
2.15
2.15
2.15
2.15
2.15
2.22
2.14
2.13
2.13
2.07
2.05
2.1
2.1
2.1
2.1
2.1
2.1
2.1
2.08
2.14
2.14
2.14
2.12
2.1
2.11
2.11
2.11
2.08
2.08
2.08
2.08
2.08
2.08
2.15
2.15
2.16
2.18
2.16
2.09
2.09
2.07
1.99
1.94
1.94
1.94
1.94
1.94
1.94
1.94
1.94
1.94
1.94
1.98
1.99
1.99
1.99
2.03
2.04
2.1
2.11
2.1
2.1
2.1
2.06
2.0
2.0
2.0
2.01
2.07
2.06
2.06
2.06
2.06
2.03
1.97
1.97
1.92
1.92
1.92
1.92
1.92
1.91
1.91
1.92
1.92
1.95
2.0
2.0
2.05
2.08
2.08
2.08
2.08
2.1
2.07
2.07
2.07
2.08
2.08
2.11
2.09
2.03
2.03
2.03
2.03
2.01
2.07
2.07
2.05
2.05
2.05
2.05
2.04
2.05
2.01
2.01
2.01
2.06
2.06
2.06
2.06
2.05
2.06
2.1
2.09
2.11
2.11
2.05
2.04
2.04
2.05
2.05
2.05
2.04
2.05
2.05
2.05
2.1
2.1
2.07
2.06
2.07
2.07
2.05
2.05
2.03
2.03
2.03
2.03
2.07
2.1
2.04
2.04
2.04
2.04
2.04
2.04
2.04
2.07
2.03
2.03
2.01
2.02
2.02
2.02
2.02
2.02
2.02
1.99
1.97
1.97
1.94
1.92
1.9
1.9
1.9
1.9
1.9
1.9
1.9
1.81
1.83
1.83
1.83
1.87
1.87
1.87
1.87
1.86
1.86
1.8
1.82
1.81
1.81
1.72
1.72
1.72
1.72
1.71
1.71
1.71
1.71
1.77
1.77
1.68
1.68
1.67
1.67
1.67
1.67
1.63
1.63
1.58
1.56
1.55
1.55
1.56
1.56
1.56
1.56
1.56
1.56
1.56
1.56
1.47
1.47
1.42
1.46
1.46
1.44
1.44
1.51
1.51
1.44
1.44
1.44
1.44
1.44
1.44
1.42
1.37
1.36
1.36
1.36
1.34
1.41
1.41
1.41
1.32
1.35
1.35
1.35
1.35
1.35
1.35
1.39
1.39
1.39
1.42
1.41
1.41
1.41
1.38
1.4
1.39
1.42
1.42
1.42
1.43
1.43
1.46
1.46
1.46
1.46
1.46
1.46
1.46
1.47
1.49
1.49
1.46
1.46
1.46
1.45
1.41
1.43
1.43
1.43
1.42
1.46
1.44
1.46
1.42
1.44
1.44
1.44
1.39
1.41
1.4
1.34
1.33
1.33
1.33
1.33
1.32
1.34
1.34
1.34
1.34
1.34
1.34
1.33
1.33
1.3
1.3
1.3
1.3
1.3
1.3
1.33
1.33
1.31
1.31
1.31
1.32
1.35
1.35
1.33
1.33
1.33
1.33
1.36
1.36
1.36
1.36
1.36
1.36
1.34
1.37
1.37
1.38
1.38
1.45
1.45
1.45
1.47
1.47
1.47
1.46
1.44
1.43
1.43
1.43
1.43
1.43
1.43
1.5
1.5
1.44
1.5
1.5
1.48
1.48
1.48
1.49
1.49
1.45
1.44
1.43
1.43
1.43
1.43
1.43
1.41
1.45
1.49
1.53
1.53
1.56
1.56
1.54
1.57
1.52
1.52
1.52
1.52
1.56
1.56
1.56
1.56
1.55
1.55
1.55
1.49
1.53
1.53
1.48
1.47
1.47
1.47
1.47
1.47
1.47
1.49
1.46
1.43
1.43
1.46
1.46
1.45
1.45
1.45
1.45
1.49
1.49
1.49
1.46
1.43
1.48
1.48
1.48
1.46
1.46
1.44
1.44
1.48
1.48
1.51
1.46
1.48
1.48
1.48
1.48
1.48
1.48
1.48
1.48
1.48
1.49
1.49
1.52
1.52
1.49
1.46
1.47
1.49
1.48
1.45
1.45
1.41
1.41
1.39
1.39
1.36
1.35
1.39
1.39
1.39
1.39
1.43
1.41
1.44
1.44
1.51
1.47
1.49
1.47
1.47
1.47
1.49
1.49
1.52
1.48
1.48
1.49
1.49
1.49
1.49
1.49
1.49
1.49
1.49
1.55
1.48
1.54
1.54
1.54
1.54
1.54
1.54
1.54
1.5
1.5
1.53
1.45
1.42
1.44
1.44
1.44
1.44
1.5
1.52
1.49
1.44
1.44
1.43
1.43
1.43
1.43
1.35
1.4
1.41
1.41
1.41
1.37
1.37
1.37
1.37
1.35
1.31
1.31
1.31
1.3
1.25
1.22
1.22
1.23
1.23
1.2
1.2
1.2
1.22
1.22
1.19
1.19
1.19
1.19
1.19
1.19
1.19
1.2
1.2
1.2
1.2
1.19
1.2
1.21
1.21
1.21
1.21
1.21
1.25
1.25
1.25
1.25
1.26
1.32
1.32
1.32
1.32
1.35
1.36
1.36
1.36
1.36
1.36
1.36
1.34
1.35
1.33
1.28
1.28
1.28
1.31
1.31
1.3
1.3
1.3
1.28
1.28
1.32
1.32
1.37
1.39
1.39
1.31
1.33
1.37
1.37
1.37
1.37
1.37
1.37
1.37
1.37
1.37
1.38
1.38
1.34
1.36
1.36
1.38
1.38
1.38
1.38
1.39
1.39
1.44
1.42
1.37
1.37
1.37
1.37
1.35
1.35
1.35
1.35
1.36
1.37
1.34
1.34
1.28
1.28
1.22
1.22
1.22
1.18
1.22
1.22
1.22
1.22
1.22
1.22
1.25
1.25
1.25
1.23
1.23
1.23
1.21
1.21
1.23
1.3
1.3
1.27
1.27
1.27
1.3
1.28
1.28
1.28
1.29
1.29
1.29
1.29
1.32
1.31
1.31
1.31
1.31
1.31
1.3
1.23
1.23
1.23
1.23
1.23
1.27
1.27
1.27
1.31
1.3
1.3
1.27
1.27
1.27
1.27
1.28
1.23
1.29
1.29
1.29
1.29
1.35
1.35
1.34
1.34
1.35
1.35
1.31
1.31
1.31
1.31
1.31
1.31
1.31
1.31
1.31
1.31
1.33
1.29
1.31
1.33
1.29
1.28
1.28
1.28
1.28
1.28
1.31
1.31
1.31
1.31
1.3
1.25
1.22
1.22
1.22
1.23
1.25
1.25
1.25
1.23
1.17
1.17
1.16
1.18
1.18
1.18
1.18
1.18
1.18
1.18
1.19
1.18
1.22
1.24
1.24
1.24
1.27
1.27
1.27
1.27
1.27
1.27
1.27
1.27
1.2
1.2
1.16
1.11
1.11
1.11
1.11
1.11
1.11
1.11
1.11
1.12
1.12
1.09
1.09
1.07
1.07
1.08
1.09
1.11
1.11
1.11
1.11
1.12
1.12
1.12
1.06
1.03
1.03
1.05
1.05
1.03
1.03
1.03
1.04
1.04
1.04
1.04
1.04
1.04
1.04
1.04
1.04
1.09
1.09
1.11
1.11
1.11
1.11
1.11
1.14
1.14
1.18
1.18
1.18
1.17
1.17
1.17
1.17
1.17
1.17
1.17
1.17
1.16
1.1
1.1
1.11
1.11
1.11
1.1
1.13
1.13
1.11
1.11
1.11
1.15
1.15
1.11
1.15
1.15
1.15
1.17
1.17
1.17
1.15
1.15
1.15
1.18
1.18
1.25
1.27
1.27
1.3
1.3
1.3
1.3
1.31
1.34
1.3
1.3
1.3
1.27
1.27
1.27
1.29
1.29
1.28
1.29
1.29
1.29
1.32
1.32
1.32
1.32
1.34
1.31
1.3
1.27
1.28
1.29
1.29
1.35
1.35
1.35
1.3
1.3
1.35
1.35
1.35
1.35
1.37
1.36
1.36
1.36
1.38
1.43
1.43
1.43
1.43
1.43
1.38
1.38
1.38
1.38
1.37
1.37
1.36
1.36
1.37
1.39
1.39
1.39
1.43
1.45
1.39
1.39
1.41
1.41
1.41
1.41
1.41
1.41
1.41
1.41
1.41
1.42
1.39
1.39
1.42
1.36
1.36
1.36
1.36
1.37
1.39
1.39
1.37
1.37
1.37
1.37
1.39
1.39
1.39
1.44
1.44
1.46
1.46
1.46
1.46
1.43
1.43
1.43
1.39
1.38
1.43
1.43
1.43
1.44
1.44
1.42
1.43
1.43
1.43
1.44
1.44
1.43
1.37
1.35
1.33
1.36
1.36
1.34
1.34
1.36
1.36
1.36
1.36
1.36
1.37
1.37
1.38
1.38
1.38
1.39
1.39
1.39
1.41
1.41
1.41
1.41
1.41
1.39
1.44
1.44
1.43
1.43
1.42
1.41
1.35
1.35
1.34
1.4
1.4
1.4
1.41
1.39
1.36
1.36
1.38
1.38
1.39
1.39
1.39
1.37
1.37
1.37
1.37
1.37
1.36
1.36
1.36
1.36
1.36
1.36
1.34
1.37
1.39
1.39
1.39
1.39
1.38
1.38
1.38
1.34
1.34
1.34
1.36
1.36
1.38
1.44
1.44
1.43
1.38
1.38
1.37
1.37
1.37
1.37
1.41
1.41
1.41
1.41
1.43
1.45
1.45
1.42
1.42
1.35
1.35
1.35
1.35
1.32
1.37
1.34
1.34
1.35
1.35
1.35
1.35
1.34
1.34
1.33
1.31
1.31
1.31
1.31
1.27
1.27
1.31
1.29
1.37
1.37
1.37
1.37
1.33
1.33
1.33
1.34
1.38
1.34
1.38
1.38
1.42
1.42
1.4
1.41
1.41
1.41
1.41
1.43
1.43
1.43
1.43
1.43
1.41
1.41
1.4
1.4
1.4
1.34
1.34
1.37
1.36
1.34
1.33
1.33
1.33
1.3
1.3
1.27
1.26
1.28
1.28
1.28
1.28
1.29
1.29
1.29
1.32
1.33
1.33
1.35
1.35
1.35
1.35
1.35
1.35
1.35
1.38
1.38
1.31
1.31
1.31
1.31
1.31
1.34
1.34
1.32
1.3
1.3
1.3
1.3
1.34
1.34
1.34
1.34
1.34
1.34
1.34
1.34
1.35
1.3
1.3
1.32
1.32
1.32
1.37
1.37
1.35
1.35
1.35
1.36
1.32
1.31
1.31
1.31
1.31
1.27
1.27
1.29
1.29
1.29
1.29
1.29
1.26
1.26
1.25
1.25
1.24
1.24
1.25
1.25
1.25
1.31
1.36
1.36
1.36
1.38
1.38
1.38
1.38
1.38
1.43
1.43
1.43
1.43
1.44
1.44
1.44
1.42
1.42
1.42
1.42
1.41
1.41
1.41
1.35
1.32
1.34
1.33
1.33
1.32
1.31
1.31
1.25
1.25
1.25
1.3
1.3
1.3
1.32
1.33
1.33
1.36
1.36
1.36
1.36
1.36
1.38
1.38
1.38
1.41
1.41
1.39
1.39
1.39
1.39
1.42
1.44
1.44
1.44
1.38
1.36
1.36
1.36
1.38
1.35
1.36
1.36
1.37
1.42
1.43
1.43
1.38
1.34
1.34
1.34
1.39
1.39
1.39
1.39
1.34
1.39
1.37
1.41
1.41
1.39
1.39
1.39
1.39
1.39
1.36
1.44
1.44
1.44
1.44
1.51
1.49
1.49
1.48
1.52
1.52
1.52
1.52
1.53
1.57
1.57
1.57
1.57
1.57
1.57
1.57
1.57
1.59
1.65
1.65
1.6
1.6
1.6
1.62
1.66
1.66
1.66
1.66
1.68
1.68
1.68
1.68
1.66
1.74
1.7
1.7
1.7
1.7
1.68
1.68
1.69
1.69
1.68
1.74
1.74
1.67
1.67
1.68
1.7
1.7
1.69
1.7
1.7
1.71
1.73
1.76
1.76
1.71
1.71
1.75
1.8
1.84
1.8
1.77
1.78
1.78
1.78
1.77
1.77
1.77
1.77
1.75
1.75
1.74
1.7
1.66
1.66
1.65
1.61
1.61
1.61
1.61
1.61
1.61
1.61
1.61
1.58
1.52
1.52
1.52
1.52
1.55
1.55
1.52
1.49
1.49
1.49
1.49
1.49
1.49
1.49
1.46
1.46
1.46
1.49
1.49
1.49
1.48
1.48
1.48
1.41
1.41
1.41
1.41
1.41
1.45
1.45
1.45
1.45
1.45
1.45
1.45
1.45
1.44
1.42
1.44
1.39
1.39
1.4
1.4
1.4
1.37
1.45
1.45
1.45
1.45
1.45
1.45
1.52
1.51
1.51
1.51
1.52
1.52
1.52
1.52
1.54
1.58
1.55
1.51
1.48
1.4
1.4
1.4
1.4
1.42
1.42
1.42
1.5
1.54
1.54
1.55
1.55
1.48
1.47
1.47
1.52
1.52
1.52
1.55
1.55
1.56
1.56
1.56
1.53
1.53
1.53
1.53
1.59
1.59
1.59
1.59
1.58
1.58
1.56
1.56
1.6
1.6
1.58
1.56
1.58
1.58
1.58
1.58
1.55
1.55
1.55
1.55
1.55
1.61
1.61
1.61
1.57
1.57
1.57
1.57
1.57
1.57
1.49
1.5
1.5
1.5
1.5
1.49
1.49
1.41
1.43
1.4
1.34
1.34
1.34
1.34
1.39
1.37
1.37
1.44
1.42
1.42
1.44
1.44
1.44
1.44
1.44
1.45
1.45
1.49
1.49
1.49
1.44
1.44
1.45
1.45
1.45
1.45
1.41
1.41
1.48
1.48
1.48
1.48
1.45
1.45
1.45
1.41
1.42
1.42
1.4
1.34
1.35
1.34
1.32
1.28
1.27
1.27
1.22
1.19
1.19
1.19
1.19
1.19
1.19
1.19
1.22
1.22
1.18
1.18
1.21
1.21
1.21
1.22
1.22
1.17
1.17
1.17
1.15
1.13
1.13
1.13
1.13
1.13
1.11
1.13
1.14
1.13
1.12
1.14
1.1
1.1
1.1
1.1
1.1
1.1
1.04
1.04
0.97
0.97
0.95
0.95
0.93
0.93
1.0
1.01
0.99
0.99
0.98
0.98
0.99
1.04
1.04
1.04
1.1
1.11
1.18
1.16
1.16
1.16
1.16
1.16
1.2
1.18
1.21
1.21
1.21
1.21
1.21
1.21
1.21
1.22
1.22
1.18
1.2
1.2
1.24
1.28
1.24
1.24
1.24
1.24
1.22
1.18
1.18
1.15
1.1
1.05
1.05
1.05
1.05
1.05
1.05
1.05
1.1
1.11
1.11
1.12
1.16
1.16
1.17
1.17
1.17
1.17
1.21
1.19
1.17
1.17
1.17
1.17
1.19
1.18
1.18
1.18
1.18
1.18
1.23
1.23
1.23
1.3
1.28
1.28
1.28
1.31
1.32
1.26
1.26
1.26
1.26
1.25
1.23
1.19
1.19
1.14
1.14
1.22
1.22
1.22
1.24
1.24
1.24
1.24
1.29
1.3
1.3
1.3
1.28
1.31
1.3
1.28
1.31
1.31
1.31
1.31
1.31
1.31
1.24
1.24
1.25
1.25
1.25
1.2
1.23
1.21
1.19
1.19
1.19
1.2
1.23
1.23
1.23
1.24
1.24
1.25
1.31
1.31
1.31
1.3
1.27
1.22
1.22
1.22
1.22
1.21
1.22
1.22
1.22
1.22
1.22
1.22
1.23
1.23
1.23
1.29
1.29
1.28
1.31
1.31
1.37
1.39
1.41
1.41
1.41
1.41
1.36
1.36
1.29
1.23
1.22
1.24
1.17
1.21
1.13
1.13
1.13
1.15
1.15
1.2
1.2
1.23
1.23
1.23
1.23
1.19
1.19
1.19
1.19
1.2
1.17
1.17
1.17
1.17
1.17
1.23
1.24
1.25
1.26
1.24
1.25
1.24
1.26
1.26
1.26
1.26
1.27
1.27
1.27
1.31
1.31
1.31
1.31
1.31
1.36
1.36
1.35
1.34
1.34
1.36
1.36
1.36
1.35
1.37
1.37
1.43
1.43
1.43
1.43
1.49
1.51
1.52
1.52
1.52
1.51
1.51
1.59
1.57
1.55
1.55
1.56
1.56
1.56
1.56
1.56
1.53
1.52
1.5
1.55
1.62
1.62
1.56
1.56
1.56
1.6
1.6
1.6
1.6
1.67
1.67
1.67
1.71
1.67
1.62
1.62
1.62
1.58
1.58
1.58
1.56
1.54
1.48
1.48
1.48
1.51
1.51
1.51
1.49
1.49
1.48
1.48
1.53
1.54
1.47
1.47
1.47
1.47
1.4
1.35
1.29
1.31
1.31
1.31
1.26
1.26
1.25
1.27
1.27
1.27
1.27
1.26
1.26
1.2
1.18
1.18
