4.6
4.54
4.51
4.47
4.55
4.47
4.42
4.36
4.29
4.21
4.26
4.25
4.21
4.21
4.18
4.16
4.2
4.2
4.17
4.15
4.22
4.26
4.19
4.15
4.15
4.1
4.06
4.05
4.04
3.99
3.95
3.88
3.92
3.93
3.93
3.91
3.95
3.93
3.91
3.95
3.98
3.94
3.94
3.94
3.9
3.9
3.89
3.84
3.84
3.81
3.78
3.7
3.7
3.68
3.62
3.66
3.62
3.62
3.59
3.62
3.6
3.59
3.59
3.59
3.58
3.55
3.47
3.43
3.43
3.34
3.34
3.34
3.35
3.35
3.35
3.35
3.35
3.35
3.42
3.42
3.42
3.42
3.34
3.28
3.26
3.27
3.2
3.2
3.12
3.15
3.15
3.15
3.15
3.15
3.15
3.11
3.12
3.13
3.21
3.21
3.27
3.24
3.19
3.19
3.19
3.18
3.18
3.18
3.22
3.17
3.13
3.13
3.13
3.13
3.13
3.09
3.07
3.07
2.98
2.9
2.9
2.86
2.86
2.86
2.83
2.83
2.83
2.83
2.83
2.82
2.78
2.69
2.7
2.68
2.68
2.68
2.69
2.65
2.65
2.65
2.65
2.65
2.65
2.65
2.61
2.6
2.64
2.6
2.51
2.51
2.48
2.48
2.43
2.43
2.48
2.48
2.49
2.49
2.49
2.53
2.52
2.53
2.47
2.42
2.42
2.4
2.4
2.4
2.37
2.37
2.37
2.37
2.37
2.32
2.32
2.31
2.33
2.4
2.37
2.29
2.29
2.33
2.35
2.41
2.41
2.38
2.38
2.38
2.38
2.4
2.45
2.45
2.41
2.42
2.39
2.39
2.37
2.37
2.36
2.35
2.35
2.33
2.33
2.32
2.32
2.23
2.17
2.24
2.17
2.19
2.2
2.21
2.21
2.25
2.25
2.25
2.25
2.22
2.22
2.22
2.27
2.27
2.27
2.29
2.28
2.28
2.29
2.26
2.23
2.14
2.13
2.14
2.14
2.14
2.14
2.13
2.13
2.13
2.19
2.19
2.19
2.18
2.2
2.19
2.19
2.16
2.16
2.15
2.22
2.23
2.17
2.17
2.12
2.12
2.14
2.06
2.09
2.09
2.13
2.13
2.14
2.12
2.12
2.12
2.12
2.11
2.11
2.06
2.05
2.04
2.04
2.11
2.11
2.11
2.08
2.08
2.08
2.08
2.08
2.1
2.1
2.14
2.12
2.07
2.08
2.08
2.08
2.1
2.12
2.14
2.16
2.17
2.16
2.16
2.16
2.16
2.16
2.16
2.16
2.08
2.09
2.09
2.01
2.01
2.01
2.05
2.04
2.0
2.0
2.0
1.95
1.91
1.91
1.88
1.88
1.85
1.85
1.77
1.8
1.79
1.79
1.76
1.76
1.79
1.79
1.82
1.82
1.81
1.81
1.81
1.8
1.81
1.82
1.82
1.77
1.77
1.8
1.8
1.8
1.8
1.82
1.88
1.88
1.88
1.88
1.85
1.85
1.81
1.79
1.77
1.77
1.76
1.79
1.78
1.83
1.83
1.83
1.82
1.82
1.84
1.86
1.85
1.88
1.88
1.88
1.87
1.86
1.86
1.91
1.83
1.83
1.8
1.8
1.83
1.79
1.74
1.74
1.73
1.71
1.72
1.74
1.74
1.7
1.69
1.65
1.65
1.65
1.65
1.65
1.65
1.65
1.69
1.73
1.74
1.67
1.67
1.61
1.61
1.59
1.58
1.6
1.66
1.66
1.66
1.66
1.65
1.65
1.66
1.65
1.68
1.65
1.65
1.65
1.67
1.67
1.69
1.69
1.69
1.68
1.75
1.79
1.79
1.83
1.83
1.85
1.87
1.87
1.84
1.86
1.88
1.84
1.84
1.84
1.84
1.81
1.81
1.86
1.86
1.84
1.89
1.95
1.95
1.95
1.94
1.88
1.91
1.91
1.91
1.86
1.86
1.86
1.86
1.81
1.75
1.75
1.75
1.75
1.75
1.75
1.73
1.67
1.66
1.63
1.64
1.64
1.65
1.65
1.65
1.62
1.6
1.6
1.58
1.58
1.58
1.58
1.62
1.62
1.62
1.62
1.62
1.61
1.61
1.56
1.56
1.56
1.56
1.56
1.56
1.55
1.55
1.57
1.61
1.68
1.68
1.7
1.7
1.68
1.63
1.62
1.64
1.64
1.68
1.68
1.68
1.68
1.68
1.69
1.69
1.68
1.71
1.71
1.71
1.72
1.72
1.75
1.75
1.76
1.76
1.79
1.81
1.8
1.8
1.74
1.74
1.73
1.73
1.72
1.72
1.72
1.7
1.7
1.7
1.7
1.7
1.7
1.73
1.72
1.69
1.69
1.72
1.72
1.75
1.75
1.75
1.75
1.76
1.73
1.72
1.73
1.69
1.71
1.68
1.68
1.68
1.66
1.67
1.67
1.67
1.6
1.6
1.64
1.65
1.65
1.65
1.7
1.73
1.73
1.73
1.73
1.73
1.74
1.74
1.71
1.67
1.67
1.65
1.65
1.69
1.69
1.69
1.73
1.8
1.8
1.8
1.79
1.76
1.76
1.76
1.79
1.78
1.78
1.75
1.75
1.77
1.77
1.73
1.75
1.76
1.76
1.76
1.78
1.78
1.78
1.78
1.78
1.79
1.79
1.79
1.79
1.79
1.79
1.79
1.79
1.79
1.79
1.82
1.82
1.82
1.8
1.8
1.76
1.78
1.76
1.8
1.8
1.73
1.66
1.66
1.66
1.61
1.6
1.59
1.57
1.57
1.58
1.58
1.53
1.52
1.55
1.55
1.59
1.59
1.59
1.59
1.61
1.61
1.63
1.63
1.63
1.63
1.63
1.63
1.63
1.66
1.66
1.66
1.71
1.71
1.68
1.71
1.71
1.72
1.72
1.72
1.74
1.8
1.8
1.76
1.72
1.73
1.71
1.71
1.74
1.74
1.74
1.75
1.72
1.72
1.72
1.72
1.72
1.72
1.72
1.72
1.8
1.8
1.8
1.8
1.8
1.77
1.77
1.8
1.8
1.8
1.8
1.75
1.75
1.73
1.73
1.75
1.68
1.71
1.71
1.73
1.72
1.72
1.72
1.72
1.67
1.69
1.67
1.67
1.62
1.57
1.55
1.55
1.55
1.61
1.61
1.6
1.6
1.6
1.6
1.65
1.65
1.58
1.56
1.56
1.56
1.56
1.56
1.59
1.59
1.59
1.63
1.61
1.61
1.61
1.61
1.61
1.61
1.6
1.56
1.56
1.56
1.53
1.53
1.5
1.51
1.51
1.5
1.49
1.53
1.53
1.53
1.53
1.53
1.6
1.61
1.61
1.55
1.55
1.53
1.61
1.61
1.63
1.69
1.67
1.67
1.66
1.63
1.67
1.67
1.67
1.67
1.67
1.67
1.62
1.65
1.62
1.62
1.64
1.63
1.63
1.63
1.64
1.64
1.64
1.6
1.6
1.53
1.51
1.51
1.54
1.54
1.5
1.45
1.4
1.48
1.51
1.51
1.45
1.43
1.46
1.48
1.47
1.47
1.47
1.48
1.51
1.51
1.51
1.51
1.51
1.48
1.51
1.51
1.49
1.49
1.49
1.4
1.4
1.4
1.35
1.35
1.31
1.31
1.31
1.28
1.24
1.23
1.2
1.2
1.2
1.2
1.2
1.2
1.2
1.19
1.24
1.23
1.28
1.29
1.35
1.35
1.35
1.35
1.35
1.37
1.36
1.29
1.29
1.23
1.24
1.26
1.27
1.27
1.27
1.26
1.26
1.26
1.26
1.27
1.25
1.25
1.28
1.32
1.34
1.33
1.33
1.27
1.27
1.26
1.26
1.32
1.32
1.32
1.36
1.33
1.33
1.29
1.28
1.32
1.27
1.28
1.28
1.28
1.28
1.24
1.23
1.23
1.23
1.23
1.21
1.21
1.21
1.21
1.21
1.21
1.23
1.23
1.23
1.23
1.25
1.32
1.32
1.3
1.33
1.34
1.34
1.4
1.4
1.4
1.44
1.44
1.44
1.44
1.44
1.44
1.44
1.46
1.45
1.46
1.49
1.48
1.48
1.48
1.49
1.49
1.49
1.52
1.48
1.47
1.47
1.47
1.49
1.49
1.54
1.54
1.54
1.52
1.57
1.57
1.53
1.55
1.57
1.58
1.59
1.59
1.59
1.61
1.63
1.63
1.63
1.64
1.63
1.63
1.63
1.7
1.66
1.65
1.65
1.65
1.65
1.65
1.66
1.66
1.66
1.66
1.66
1.66
1.66
1.66
1.68
1.68
1.68
1.69
1.7
1.7
1.74
1.74
1.8
1.85
1.85
1.86
1.86
1.93
1.93
1.93
1.93
1.88
1.88
1.88
1.88
1.88
1.89
1.92
1.97
1.97
2.01
2.01
2.01
2.04
2.04
2.04
2.07
2.11
2.1
2.11
2.11
2.11
2.13
2.13
2.13
2.13
2.13
2.13
2.11
2.11
2.13
2.13
2.14
2.14
2.14
2.16
2.16
2.16
2.16
2.16
2.13
2.13
2.13
2.09
2.04
2.04
1.96
1.96
2.01
2.01
2.0
1.97
1.98
1.98
1.91
1.91
1.9
1.91
1.9
1.9
1.9
1.9
1.86
1.85
1.84
1.79
1.85
1.85
1.9
1.9
1.97
1.97
1.97
1.97
1.97
1.96
1.95
1.95
1.97
1.98
1.99
1.99
1.99
1.99
1.94
2.01
2.05
2.06
2.06
2.06
2.1
2.1
2.1
2.1
2.04
2.04
2.04
2.02
2.05
2.05
2.05
2.07
2.07
2.03
2.05
2.06
2.01
2.01
2.06
2.06
2.01
2.02
2.02
2.02
2.02
2.06
2.06
2.04
2.08
2.08
2.08
2.06
2.06
2.01
2.01
2.02
2.05
2.05
2.05
2.1
2.1
2.1
2.1
2.1
2.1
2.05
2.05
2.05
2.01
2.07
2.08
2.09
2.09
2.09
2.09
2.07
2.05
2.09
2.09
2.09
2.06
2.06
2.04
2.03
2.08
2.08
2.08
2.11
2.12
2.12
2.05
2.05
2.05
1.99
2.0
2.04
2.04
2.03
2.03
1.99
1.99
1.99
1.99
1.95
1.95
1.92
1.92
1.92
1.91
1.91
1.91
1.87
1.87
1.79
1.79
1.79
1.79
1.8
1.86
1.86
1.86
1.88
1.9
1.9
1.9
1.92
1.92
1.92
1.92
1.94
1.92
1.92
1.92
1.9
1.9
1.89
1.9
1.9
1.88
1.88
1.87
1.87
1.88
1.92
1.92
1.97
1.97
1.97
1.97
1.98
1.94
1.93
1.93
1.93
1.93
1.96
1.98
2.04
2.08
2.03
2.07
2.07
2.0
2.0
2.06
2.04
1.96
1.96
1.96
1.96
1.96
1.96
1.98
1.98
1.98
1.98
2.0
1.99
1.99
1.92
1.92
1.92
1.93
1.89
1.84
1.85
1.85
1.86
1.85
1.85
1.86
1.86
1.86
1.89
1.94
1.94
1.94
1.96
1.92
1.92
1.99
1.99
2.0
2.0
2.02
1.95
1.93
1.92
1.92
1.92
1.94
1.94
1.93
1.93
1.93
1.93
1.95
1.93
1.93
1.88
1.88
1.93
1.89
1.86
1.86
1.86
1.85
1.85
1.85
1.91
1.91
1.91
1.89
1.9
1.9
1.9
1.88
1.88
1.88
1.88
1.88
1.86
1.86
1.87
1.87
1.85
1.85
1.85
1.85
1.85
1.85
1.83
1.85
1.85
1.88
1.88
1.88
1.9
1.95
1.96
1.97
1.94
1.94
1.94
1.94
1.94
1.94
1.94
1.98
1.98
1.94
1.94
1.97
1.98
1.99
1.99
1.98
1.97
1.94
1.94
1.93
1.87
1.87
1.84
1.89
1.9
1.9
1.9
1.9
1.91
1.97
1.97
1.97
2.04
2.04
2.04
2.04
2.04
2.02
2.02
1.98
1.98
1.98
2.04
2.02
2.06
2.02
2.02
2.07
2.07
2.07
2.07
2.1
2.1
2.1
2.09
2.17
2.17
2.17
2.17
2.17
2.17
2.15
2.15
2.09
2.1
2.1
2.1
2.1
2.09
2.09
2.09
2.06
2.07
2.07
2.07
2.03
2.03
2.03
2.03
2.04
2.05
2.0
2.0
1.98
1.98
1.98
1.98
1.98
1.98
1.98
2.01
2.01
2.01
2.01
2.01
2.04
2.08
2.08
2.14
2.14
2.14
2.14
2.14
2.13
2.15
2.19
2.19
2.19
2.19
2.19
2.12
2.17
2.2
2.2
2.2
2.2
2.16
2.16
2.17
2.19
2.19
2.19
2.23
2.23
2.23
2.23
2.23
2.23
2.17
2.19
2.2
2.16
2.16
2.16
2.09
2.09
2.09
2.09
2.09
2.06
2.03
2.04
2.04
2.04
2.04
2.04
2.04
2.04
2.02
2.02
2.03
2.02
2.02
2.02
2.02
2.02
2.04
2.04
2.04
2.01
1.99
1.98
1.98
2.0
2.0
2.0
2.0
2.0
1.93
1.95
1.95
1.91
1.91
1.91
1.91
1.96
1.9
1.9
1.96
1.91
1.91
1.87
1.87
1.79
1.79
1.78
1.78
1.8
1.8
1.8
1.8
1.8
1.78
1.78
1.78
1.72
1.72
1.72
1.73
1.67
1.67
1.69
1.7
1.7
1.7
1.68
1.68
1.68
1.69
1.69
1.69
1.69
1.69
1.7
1.7
1.7
1.73
1.74
1.75
1.81
1.82
1.82
1.82
1.82
1.77
1.77
1.77
1.77
1.77
1.77
1.77
1.76
1.74
1.74
1.8
1.8
1.8
1.8
1.72
1.74
1.73
1.73
1.73
1.73
1.73
1.74
1.8
1.8
1.8
1.8
1.72
1.72
1.72
1.72
1.72
1.72
1.72
1.74
1.69
1.76
1.76
1.73
1.75
1.78
1.78
1.78
1.82
1.82
1.79
1.71
1.71
1.71
1.72
1.7
1.7
1.7
1.67
1.66
1.66
1.66
1.73
1.68
1.68
1.7
1.7
1.74
1.74
1.76
1.76
1.8
1.79
1.75
1.75
1.75
1.75
1.75
1.75
1.76
1.76
1.77
1.77
1.77
1.78
1.77
1.82
1.88
1.88
1.82
1.83
1.81
1.87
1.88
1.87
1.87
1.87
1.87
1.82
1.88
1.88
1.9
1.9
1.9
1.9
1.85
1.85
1.85
1.85
1.87
1.87
1.87
1.87
1.86
1.86
1.79
1.79
1.77
1.74
1.7
1.7
1.7
1.7
1.7
1.7
1.7
1.7
1.68
1.68
1.67
1.64
1.67
1.69
1.69
1.69
1.69
1.71
1.72
1.72
1.72
1.72
1.72
1.75
1.75
1.69
1.69
1.66
1.66
1.66
1.67
1.71
1.71
1.7
1.71
1.72
1.74
1.74
1.73
1.72
1.72
1.72
1.7
1.7
1.7
1.69
1.69
1.69
1.69
1.69
1.69
1.69
1.64
1.64
1.64
1.63
1.63
1.63
1.63
1.63
1.57
1.57
1.5
1.5
1.5
1.51
1.51
1.51
1.51
1.51
1.51
1.48
1.45
1.45
1.45
1.49
1.49
1.49
1.45
1.48
1.48
1.48
1.42
1.42
1.41
1.43
1.4
1.41
1.41
1.41
1.41
1.41
1.45
1.45
1.47
1.4
1.46
1.41
1.42
1.44
1.44
1.44
1.44
1.48
1.48
1.47
1.47
1.5
1.52
1.55
1.55
1.55
1.55
1.55
1.51
1.51
1.51
1.49
1.49
1.49
1.48
1.48
1.48
1.48
1.48
1.48
1.48
1.49
1.49
1.49
1.49
1.47
1.4
1.44
1.47
1.47
1.4
1.43
1.43
1.43
1.43
1.43
1.37
1.37
1.32
1.32
1.38
1.38
1.38
1.38
1.4
1.4
1.4
1.4
1.43
1.43
1.43
1.43
1.43
1.43
1.43
1.43
1.43
1.43
1.43
1.43
1.39
1.39
1.39
1.39
1.39
1.39
1.42
1.41
1.36
1.33
1.33
1.38
1.32
1.39
1.39
1.41
1.46
1.46
1.46
1.46
1.46
1.46
1.46
1.46
1.45
1.5
1.5
1.5
1.5
1.5
1.49
1.49
1.49
1.5
1.45
1.45
1.45
1.45
1.45
1.45
1.45
1.45
1.45
1.39
1.39
1.4
1.39
1.41
1.39
1.39
1.33
1.33
1.33
1.33
1.33
1.38
1.4
1.36
1.36
1.36
1.36
1.36
1.36
1.32
1.32
1.32
1.32
1.32
1.32
1.32
1.32
1.32
1.32
1.32
1.32
1.32
1.32
1.38
1.38
1.39
1.43
1.49
1.48
1.48
1.49
1.48
1.48
1.48
1.45
1.45
1.45
1.45
1.44
1.45
1.46
1.43
1.43
1.43
1.43
1.44
1.44
1.44
1.44
1.44
1.38
1.41
1.41
1.42
1.42
1.42
1.42
1.43
1.41
1.41
1.42
1.46
1.43
1.43
1.43
1.43
1.43
1.4
1.4
1.42
1.42
1.45
1.45
1.46
1.5
1.48
1.42
1.39
1.37
1.43
1.43
1.43
1.46
1.46
1.46
1.46
1.47
1.47
1.46
1.46
1.46
1.46
1.46
1.43
1.42
1.46
1.46
1.46
1.46
1.45
1.45
1.43
1.43
1.43
1.46
1.43
1.43
1.43
1.43
1.43
1.43
1.48
1.44
1.43
1.43
1.43
1.46
1.46
1.46
1.49
1.49
1.43
1.46
1.45
1.45
1.44
1.44
1.48
1.5
1.5
1.44
1.44
1.44
1.47
1.45
1.41
1.41
1.4
1.38
1.39
1.36
1.42
1.47
1.47
1.47
1.47
1.5
1.45
1.45
1.45
1.45
1.4
1.4
1.4
1.38
1.38
1.39
1.39
1.39
1.39
1.38
1.39
1.39
1.4
1.4
1.4
1.42
1.42
1.47
1.44
1.44
1.45
1.45
1.45
1.47
1.47
1.48
1.48
1.48
1.51
1.56
1.56
1.56
1.61
1.61
1.61
1.61
1.61
1.6
1.6
1.6
1.6
1.61
1.61
1.61
1.61
1.6
1.55
1.55
1.55
1.55
1.6
1.6
1.64
1.65
1.65
1.65
1.65
1.64
1.61
1.61
1.62
1.61
1.6
1.6
1.55
1.49
1.51
1.51
1.51
1.52
1.52
1.52
1.52
1.52
1.52
1.52
1.5
1.5
1.5
1.52
1.55
1.55
1.55
1.59
1.63
1.64
1.64
1.64
1.65
1.65
1.67
1.63
1.63
1.68
1.69
1.72
1.72
1.69
1.69
1.69
1.69
1.67
1.67
1.68
1.68
1.63
1.65
1.64
1.63
1.65
1.59
1.55
1.56
1.63
1.63
1.6
1.6
1.58
1.52
1.52
1.52
1.52
1.53
1.53
1.46
1.46
1.46
1.46
1.46
1.47
1.45
1.45
1.46
1.46
1.46
1.46
1.46
1.51
1.51
1.48
1.52
1.51
1.5
1.5
1.51
1.46
1.46
1.43
1.47
1.52
1.47
1.47
1.47
1.4
1.42
1.42
1.42
1.42
1.4
1.4
1.4
1.47
1.46
1.46
1.44
1.44
1.52
1.54
1.5
1.5
1.5
1.51
1.51
1.51
1.51
1.54
1.54
1.51
1.51
1.53
1.53
1.54
1.57
1.6
1.6
1.6
1.62
1.6
1.64
1.66
1.69
1.69
1.65
1.63
1.68
1.68
1.68
1.72
1.71
1.71
1.65
1.67
1.67
1.6
1.6
1.6
1.6
1.61
1.62
1.62
1.66
1.66
1.59
1.58
1.5
1.54
1.54
1.55
1.51
1.51
1.51
1.51
1.51
1.51
1.5
1.5
1.5
1.46
1.46
1.46
1.46
1.41
1.35
1.35
1.41
1.41
1.41
1.41
1.41
1.45
1.51
1.56
1.56
1.56
1.59
1.66
1.63
1.63
1.56
1.62
1.62
1.62
1.63
1.63
1.63
1.63
1.69
1.68
1.69
1.69
1.69
1.69
1.65
1.65
1.65
1.6
1.57
1.57
1.58
1.62
1.65
1.65
1.65
1.65
1.68
1.61
1.61
1.6
1.66
1.72
1.68
1.67
1.62
1.62
1.62
1.62
1.58
1.58
1.58
1.58
1.5
1.5
1.51
1.51
1.43
1.43
1.43
1.48
1.55
1.55
1.55
1.55
1.53
1.56
1.56
1.56
1.56
1.56
1.56
1.56
1.55
1.62
1.59
1.61
1.6
1.6
1.6
1.58
1.58
1.58
1.58
1.52
1.55
1.55
1.55
1.56
1.56
1.56
1.56
1.57
1.53
1.53
1.55
1.55
1.55
1.5
1.52
1.57
1.57
1.54
1.54
1.54
1.55
1.55
1.55
1.55
1.55
1.59
1.59
1.66
1.65
1.59
1.59
1.59
1.57
1.57
1.57
1.6
1.59
1.59
1.59
1.61
1.61
1.61
1.64
1.64
1.64
1.64
1.69
1.73
1.73
1.73
1.73
1.73
1.73
1.7
1.68
1.68
1.68
1.68
1.6
1.6
1.6
1.6
1.62
1.63
1.63
1.63
1.62
1.62
1.62
1.62
1.6
1.6
1.6
1.6
1.6
1.6
1.6
1.6
1.6
1.6
1.6
1.6
1.6
1.6
1.6
1.6
1.57
1.59
1.59
1.56
1.59
1.59
1.62
1.62
1.62
1.67
1.59
1.59
1.59
1.55
1.55
1.53
1.53
1.53
1.52
1.52
1.52
1.55
1.57
1.57
1.57
1.57
1.57
1.57
1.57
1.62
1.59
1.59
1.61
1.61
1.61
1.59
1.59
1.62
1.62
1.64
1.64
1.65
1.7
1.67
1.67
1.67
1.63
1.63
1.62
1.62
1.67
1.67
1.65
1.65
1.65
1.61
1.59
1.59
1.59
1.59
1.59
1.59
1.59
1.55
1.56
1.62
1.62
1.62
1.62
1.68
1.68
1.66
1.74
1.74
1.78
1.78
1.78
1.77
1.73
1.74
1.69
1.69
1.69
1.69
1.69
1.69
1.68
1.68
1.68
1.68
1.68
1.62
1.61
1.61
1.6
1.6
1.6
1.56
1.56
1.56
1.56
1.56
1.56
1.56
1.56
1.56
1.56
1.58
1.6
1.6
1.6
1.59
1.55
1.61
1.61
1.61
1.61
1.62
1.6
1.6
1.62
1.62
1.69
1.66
1.65
1.65
1.59
1.57
1.57
1.52
1.5
1.47
1.46
1.46
1.46
1.46
1.46
1.47
1.47
1.47
1.46
1.49
1.49
1.47
1.47
1.47
1.47
1.47
1.47
1.47
1.47
1.41
1.41
1.41
1.35
1.37
1.37
1.35
1.41
1.41
1.37
1.37
1.37
1.34
1.4
1.38
1.39
1.43
1.43
1.43
1.43
1.43
1.49
1.48
1.46
1.46
1.46
1.46
1.46
1.49
1.49
1.49
1.53
1.49
1.49
1.49
1.49
1.56
1.57
1.57
1.57
1.56
1.55
1.55
1.57
1.57
1.57
1.62
1.62
1.61
1.64
1.61
1.59
1.59
1.55
1.55
1.52
1.52
1.52
1.52
1.52
1.52
1.52
1.5
1.5
1.5
1.42
1.42
1.44
1.44
1.44
1.44
1.44
1.44
1.44
1.44
1.44
1.44
1.44
1.44
1.44
1.45
1.37
1.37
1.39
1.39
1.39
1.32
1.3
1.34
1.34
1.42
1.42
1.44
1.45
1.43
1.38
1.38
1.38
1.32
1.34
1.34
1.34
1.34
1.33
1.31
1.31
1.23
1.25
1.25
1.25
1.27
1.29
1.29
1.29
1.31
1.31
1.31
1.31
1.31
1.31
1.31
1.3
1.31
1.31
1.37
1.37
1.37
1.4
1.37
1.39
1.39
1.39
1.39
1.39
1.39
1.39
1.39
1.38
1.38
1.38
1.38
1.38
1.39
1.39
1.39
1.44
1.44
1.44
1.41
1.44
1.44
1.52
1.52
1.52
1.52
1.54
1.54
1.54
1.53
1.56
1.56
1.56
1.6
1.6
1.61
1.65
1.63
1.63
1.63
1.63
1.59
1.59
1.58
1.58
1.54
1.54
1.54
1.59
1.59
1.59
1.65
1.66
1.66
1.66
1.73
1.73
1.72
1.7
1.7
1.7
1.7
1.65
1.68
1.62
1.66
1.66
1.66
1.66
1.66
1.65
1.67
1.67
1.67
1.67
1.63
1.66
1.66
1.64
1.66
1.66
1.66
1.69
1.65
1.65
1.65
1.65
1.67
1.67
1.72
1.72
1.72
1.72
1.74
1.74
1.74
1.79
1.79
1.79
1.83
1.84
1.84
1.86
1.88
1.86
1.86
1.86
1.83
1.83
1.78
1.78
1.78
1.78
1.78
1.78
1.78
1.78
1.79
1.79
1.78
1.78
1.78
1.83
1.83
1.83
1.83
1.83
1.83
1.83
1.79
1.72
1.71
1.67
1.64
1.64
1.62
1.62
1.62
1.65
1.67
1.65
1.65
1.65
1.65
1.65
1.65
1.65
1.7
1.65
1.65
1.62
1.59
1.59
1.59
1.6
1.67
1.67
1.62
1.62
1.62
1.62
1.62
1.62
1.69
1.69
1.69
1.67
1.6
1.67
1.67
1.67
1.64
1.64
1.63
1.61
1.61
1.6
1.59
1.58
1.58
1.58
1.58
1.56
1.56
1.57
1.57
1.62
1.62
1.56
1.56
1.56
1.54
1.53
1.53
1.53
1.57
1.57
1.57
1.52
1.52
1.52
1.52
1.52
1.52
1.49
1.49
1.49
1.5
1.51
1.5
1.46
1.46
1.46
1.53
1.58
1.58
1.53
1.5
1.46
1.46
1.46
1.45
1.45
1.45
1.45
1.52
1.52
1.53
1.53
1.5
1.54
1.54
1.54
1.54
1.54
1.48
1.48
1.42
1.45
1.45
1.45
1.45
1.45
1.43
1.43
1.43
1.43
1.43
1.39
1.39
1.4
1.43
1.46
1.46
1.37
1.36
1.41
1.41
1.43
1.42
1.41
1.42
1.47
1.5
1.5
1.5
1.51
1.51
1.49
1.48
1.49
1.49
1.45
1.47
1.47
1.44
1.48
1.47
1.49
1.52
1.53
1.53
1.52
1.52
1.52
1.52
1.52
1.5
1.5
1.5
1.46
1.46
1.51
1.51
1.51
1.51
1.55
1.58
1.6
1.6
1.59
1.58
1.58
1.58
1.59
1.59
1.59
1.57
1.57
1.54
1.54
1.54
1.54
1.55
1.62
1.66
1.69
1.67
1.67
1.71
1.69
1.69
1.69
1.69
1.69
1.69
1.65
1.65
1.6
1.6
1.6
1.61
1.66
1.66
1.66
1.66
1.66
1.66
1.65
1.65
1.58
1.58
1.64
1.66
1.66
1.62
1.62
1.68
1.66
1.66
1.68
1.76
1.8
1.83
1.83
1.88
1.88
1.91
1.91
1.91
1.91
1.93
1.92
1.92
1.92
1.91
1.93
1.88
1.88
1.8
1.8
1.82
1.81
1.78
1.85
1.85
1.85
1.85
1.89
1.93
1.93
1.93
1.93
1.92
1.93
1.91
1.91
1.84
1.84
1.84
1.84
1.84
1.84
1.82
1.82
1.8
1.76
1.77
1.77
1.77
1.77
1.7
1.74
1.75
1.75
1.78
1.77
1.73
1.75
1.7
1.7
1.7
1.71
1.7
1.7
1.7
1.7
1.76
1.76
1.76
1.76
1.8
1.8
1.84
1.84
1.85
1.85
1.87
1.87
1.88
1.88
1.84
1.87
1.87
1.87
1.85
1.85
1.89
1.92
1.96
1.94
1.9
1.9
1.89
1.97
1.97
1.98
1.9
1.9
1.9
1.9
1.9
1.9
1.83
1.83
1.91
1.91
1.91
1.91
1.88
1.88
1.93
1.9
1.86
1.86
1.81
1.81
1.81
1.81
1.81
1.78
1.73
1.73
1.71
1.71
1.71
1.74
1.74
1.76
1.76
1.76
1.79
1.79
1.79
1.78
1.79
1.75
1.72
1.72
1.72
1.72
1.65
1.68
1.66
1.66
1.66
1.67
1.67
1.69
1.72
1.75
1.7
1.74
1.74
1.73
1.73
1.7
1.7
1.68
1.7
1.68
1.68
1.68
1.67
1.67
1.67
1.67
1.67
1.64
1.64
1.64
1.69
1.61
1.61
1.61
1.61
1.61
1.62
1.62
1.62
1.62
1.61
1.6
1.6
1.6
1.61
1.61
1.61
1.61
1.61
1.61
1.64
1.62
1.62
1.62
1.58
1.59
1.56
1.56
1.56
1.57
1.57
1.57
1.58
1.54
1.56
1.56
1.56
1.56
1.51
1.51
1.49
1.49
1.49
1.49
1.49
1.49
1.49
1.47
1.47
1.47
1.47
1.47
1.46
1.48
1.48
1.47
1.43
1.43
1.43
1.43
1.43
1.41
1.41
1.41
1.41
1.46
1.44
1.44
1.38
1.38
1.38
1.38
1.4
1.37
1.4
1.39
1.39
1.39
1.42
1.47
1.47
1.46
1.46
1.46
1.47
1.46
1.45
1.44
1.44
1.44
1.44
1.44
1.47
1.42
1.42
1.44
1.44
1.44
1.44
1.44
1.44
1.46
1.46
1.46
1.5
1.5
1.56
1.56
1.56
1.54
1.56
1.56
1.62
1.62
1.62
1.62
1.64
1.64
1.64
1.64
1.64
1.64
1.64
1.58
1.55
1.53
1.53
1.54
1.54
1.54
1.54
1.54
1.53
1.53
1.57
1.57
1.57
1.63
1.68
1.68
1.68
1.68
1.68
1.68
1.67
1.62
1.63
1.63
1.63
1.63
1.63
1.64
1.64
1.64
1.59
1.59
1.6
1.6
1.6
1.6
1.6
1.6
1.6
1.59
1.54
1.54
1.56
1.58
1.62
1.65
1.65
1.65
1.66
1.66
1.69
1.69
1.69
1.69
1.69
1.68
1.68
1.68
1.67
1.67
1.67
1.67
1.67
1.74
1.74
1.7
1.7
1.68
1.71
1.63
1.6
1.6
1.56
1.56
1.56
1.51
1.57
1.56
1.52
1.52
1.52
1.47
1.54
1.54
1.57
1.58
1.58
1.58
1.58
1.58
1.58
1.58
1.58
1.58
1.54
1.54
1.54
1.54
1.54
1.54
1.58
1.58
1.59
1.6
1.6
1.64
1.64
1.64
1.64
1.68
1.68
1.66
1.58
1.58
1.62
1.62
1.62
1.62
1.62
1.62
1.62
1.6
1.58
1.58
1.58
1.58
1.6
1.52
1.5
1.52
1.52
1.55
1.55
1.55
1.55
1.55
1.55
1.55
1.55
1.59
1.59
1.61
1.61
1.66
1.66
