4.18
4.22
4.23
4.22
4.28
4.21
4.14
4.1
4.07
4.04
4.05
3.99
3.98
3.96
3.99
3.99
3.97
3.99
3.99
4.04
4.12
4.08
4.08
4.08
4.02
4.02
4.02
4.0
3.96
3.94
3.96
3.94
3.94
3.87
3.83
3.79
3.79
3.73
3.77
3.77
3.7
3.69
3.77
3.78
3.77
3.82
3.83
3.82
3.76
3.8
3.76
3.75
3.77
3.75
3.7
3.7
3.64
3.66
3.63
3.56
3.51
3.45
3.46
3.44
3.44
3.44
3.44
3.42
3.44
3.44
3.5
3.46
3.42
3.38
3.32
3.32
3.26
3.18
3.18
3.18
3.23
3.24
3.24
3.2
3.15
3.11
3.11
3.09
3.09
3.03
2.98
3.01
3.0
3.01
2.97
2.97
2.92
2.89
2.87
2.81
2.81
2.81
2.79
2.79
2.76
2.74
2.8
2.82
2.84
2.88
2.95
3.0
3.0
3.0
3.03
3.03
2.98
3.01
3.01
3.03
3.03
2.97
2.98
2.96
2.88
2.88
2.85
2.85
2.82
2.83
2.79
2.79
2.8
2.8
2.84
2.84
2.84
2.87
2.83
2.8
2.77
2.77
2.77
2.74
2.74
2.73
2.78
2.84
2.84
2.87
2.87
2.88
2.8
2.75
2.7
2.7
2.66
2.59
2.58
2.63
2.63
2.6
2.6
2.6
2.6
2.6
2.6
2.6
2.59
2.56
2.56
2.56
2.51
2.49
2.43
2.42
2.4
2.38
2.38
2.38
2.38
2.39
2.39
2.39
2.39
2.39
2.33
2.31
2.35
2.33
2.32
2.32
2.32
2.39
2.39
2.41
2.46
2.49
2.49
2.49
2.47
2.47
2.41
2.4
2.35
2.35
2.35
2.33
2.36
2.36
2.33
2.25
2.23
2.23
2.25
2.25
2.25
2.25
2.25
2.22
2.22
2.22
2.19
2.19
2.19
2.11
2.13
2.11
2.07
2.09
2.07
2.03
1.96
1.95
1.98
1.98
2.0
2.0
2.0
2.0
2.0
2.05
2.08
2.03
2.04
2.06
2.05
2.05
2.07
2.07
2.01
1.98
1.98
2.0
2.04
2.02
2.04
2.02
2.01
2.01
1.98
1.99
1.99
1.95
1.95
1.9
1.9
1.85
1.85
1.85
1.94
1.94
1.95
1.95
1.95
1.93
1.95
1.93
1.92
1.92
1.92
1.95
1.93
1.93
1.94
1.94
1.94
1.94
1.96
1.97
2.01
2.01
2.05
2.04
2.05
2.07
2.06
2.06
2.0
2.0
2.02
2.02
1.97
1.95
1.95
2.02
2.07
2.07
2.06
2.05
2.05
2.05
2.03
2.03
2.0
2.06
2.05
2.1
2.08
2.1
2.1
2.1
2.1
2.16
2.16
2.16
2.16
2.13
2.13
2.13
2.1
2.1
2.1
2.06
2.04
2.04
2.0
2.01
2.01
2.04
2.04
2.1
2.07
2.03
2.03
2.03
2.0
2.0
2.03
2.11
2.11
2.07
2.06
2.0
1.99
1.99
2.0
2.0
2.0
2.0
2.0
2.04
2.06
2.06
2.05
2.04
2.04
2.04
2.02
1.95
1.89
1.9
1.9
1.84
1.84
1.81
1.81
1.81
1.81
1.77
1.77
1.74
1.79
1.84
1.78
1.84
1.85
1.85
1.85
1.85
1.81
1.81
1.81
1.81
1.81
1.82
1.82
1.82
1.82
1.83
1.83
1.81
1.81
1.76
1.76
1.76
1.76
1.76
1.76
1.78
1.82
1.82
1.87
1.88
1.89
1.93
1.96
1.99
1.99
1.99
1.97
1.97
1.94
2.01
1.97
1.97
1.97
1.92
1.91
1.87
1.92
1.92
1.97
1.91
1.88
1.93
1.93
1.92
1.92
1.92
1.92
1.92
1.92
1.92
1.92
1.88
1.88
1.88
1.85
1.81
1.81
1.81
1.81
1.81
1.81
1.81
1.81
1.81
1.79
1.79
1.8
1.77
1.77
1.8
1.78
1.78
1.78
1.76
1.78
1.78
1.7
1.66
1.67
1.63
1.63
1.61
1.61
1.61
1.61
1.56
1.56
1.56
1.56
1.56
1.6
1.6
1.6
1.6
1.61
1.61
1.61
1.61
1.66
1.66
1.66
1.66
1.66
1.66
1.68
1.68
1.74
1.74
1.72
1.67
1.66
1.64
1.64
1.66
1.71
1.71
1.71
1.71
1.71
1.71
1.71
1.72
1.72
1.72
1.72
1.72
1.72
1.68
1.67
1.67
1.73
1.73
1.73
1.79
1.79
1.81
1.81
1.81
1.88
1.87
1.87
1.82
1.83
1.83
1.81
1.83
1.87
1.9
1.9
1.86
1.82
1.81
1.81
1.85
1.83
1.87
1.87
1.82
1.82
1.81
1.81
1.81
1.79
1.75
1.75
1.75
1.77
1.77
1.79
1.79
1.79
1.79
1.81
1.76
1.76
1.76
1.76
1.72
1.72
1.72
1.73
1.73
1.73
1.73
1.73
1.73
1.73
1.73
1.74
1.74
1.7
1.73
1.73
1.73
1.73
1.73
1.67
1.7
1.73
1.73
1.69
1.69
1.7
1.7
1.68
1.66
1.66
1.65
1.63
1.62
1.62
1.68
1.68
1.68
1.68
1.71
1.71
1.76
1.76
1.77
1.77
1.77
1.77
1.8
1.8
1.74
1.76
1.75
1.75
1.75
1.75
1.77
1.74
1.72
1.72
1.65
1.63
1.63
1.63
1.63
1.63
1.64
1.63
1.63
1.65
1.66
1.65
1.65
1.65
1.65
1.65
1.65
1.61
1.57
1.58
1.58
1.58
1.58
1.56
1.56
1.56
1.56
1.56
1.56
1.56
1.58
1.65
1.66
1.66
1.71
1.74
1.75
1.76
1.69
1.69
1.68
1.68
1.68
1.7
1.7
1.74
1.74
1.74
1.8
1.8
1.8
1.76
1.77
1.77
1.77
1.77
1.77
1.75
1.79
1.72
1.72
1.72
1.72
1.72
1.69
1.7
1.71
1.71
1.71
1.75
1.74
1.74
1.74
1.77
1.74
1.74
1.72
1.72
1.72
1.72
1.72
1.72
1.72
1.73
1.73
1.73
1.73
1.73
1.69
1.66
1.67
1.67
1.67
1.67
1.67
1.67
1.64
1.64
1.62
1.62
1.61
1.6
1.6
1.63
1.63
1.63
1.63
1.65
1.65
1.65
1.64
1.63
1.65
1.64
1.63
1.63
1.65
1.65
1.62
1.62
1.62
1.62
1.62
1.62
1.62
1.61
1.56
1.56
1.6
1.6
1.6
1.59
1.59
1.59
1.58
1.58
1.54
1.56
1.57
1.57
1.57
1.57
1.55
1.54
1.54
1.54
1.54
1.57
1.57
1.57
1.57
1.58
1.58
1.66
1.66
1.66
1.66
1.66
1.66
1.65
1.65
1.65
1.65
1.65
1.65
1.69
1.65
1.65
1.65
1.65
1.69
1.71
1.73
1.7
1.67
1.67
1.67
1.67
1.67
1.64
1.64
1.64
1.62
1.61
1.61
1.58
1.59
1.63
1.57
1.58
1.56
1.53
1.53
1.6
1.56
1.56
1.6
1.63
1.68
1.68
1.68
1.71
1.71
1.71
1.71
1.66
1.66
1.66
1.65
1.62
1.65
1.65
1.65
1.65
1.65
1.68
1.68
1.72
1.72
1.72
1.76
1.76
1.76
1.71
1.71
1.71
1.76
1.76
1.76
1.76
1.7
1.7
1.71
1.71
1.71
1.71
1.79
1.81
1.81
1.86
1.93
1.94
2.0
2.0
2.0
1.93
1.93
1.91
1.89
1.89
1.89
1.9
1.9
1.92
1.9
1.9
1.89
1.89
1.87
1.87
1.89
1.89
1.91
1.91
1.83
1.83
1.83
1.83
1.83
1.78
1.78
1.78
1.78
1.78
1.79
1.74
1.76
1.76
1.77
1.77
1.79
1.79
1.79
1.79
1.79
1.79
1.79
1.78
1.78
1.78
1.78
1.75
1.66
1.72
1.72
1.72
1.72
1.72
1.74
1.74
1.74
1.74
1.74
1.74
1.74
1.75
1.75
1.78
1.77
1.77
1.72
1.78
1.77
1.77
1.77
1.69
1.69
1.69
1.72
1.76
1.78
1.78
1.72
1.69
1.69
1.69
1.69
1.69
1.72
1.72
1.77
1.74
1.74
1.72
1.72
1.7
1.7
1.7
1.7
1.63
1.63
1.61
1.65
1.65
1.69
1.73
1.73
1.73
1.73
1.73
1.73
1.73
1.74
1.73
1.73
1.74
1.71
1.71
1.71
1.75
1.75
1.76
1.76
1.75
1.75
1.75
1.75
1.73
1.73
1.77
1.77
1.77
1.79
1.79
1.81
1.8
1.8
1.8
1.8
1.76
1.79
1.79
1.79
1.79
1.87
1.86
1.86
1.86
1.8
1.8
1.77
1.77
1.77
1.8
1.85
1.85
1.88
1.88
1.88
1.87
1.87
1.87
1.87
1.88
1.89
1.93
1.89
1.89
1.89
1.89
1.89
1.89
1.89
1.89
1.89
1.86
1.86
1.86
1.86
1.83
1.88
1.87
1.85
1.89
1.92
1.88
1.86
1.86
1.85
1.86
1.86
1.86
1.86
1.86
1.86
1.85
1.85
1.81
1.81
1.8
1.77
1.77
1.77
1.75
1.75
1.75
1.75
1.71
1.72
1.75
1.75
1.69
1.65
1.66
1.66
1.66
1.67
1.66
1.67
1.67
1.64
1.69
1.67
1.63
1.63
1.63
1.63
1.67
1.67
1.67
1.67
1.67
1.67
1.67
1.68
1.65
1.65
1.65
1.65
1.71
1.71
1.72
1.79
1.72
1.68
1.68
1.72
1.71
1.73
1.73
1.8
1.74
1.73
1.73
1.73
1.75
1.75
1.75
1.69
1.69
1.69
1.69
1.69
1.69
1.69
1.74
1.74
1.74
1.68
1.65
1.69
1.66
1.61
1.66
1.66
1.71
1.71
1.71
1.71
1.71
1.71
1.68
1.68
1.68
1.68
1.71
1.71
1.71
1.71
1.67
1.67
1.64
1.61
1.61
1.59
1.59
1.59
1.54
1.54
1.6
1.61
1.61
1.67
1.67
1.67
1.65
1.65
1.65
1.65
1.6
1.59
1.59
1.55
1.55
1.55
1.55
1.58
1.58
1.58
1.58
1.62
1.66
1.66
1.66
1.67
1.67
1.64
1.65
1.62
1.66
1.64
1.59
1.59
1.59
1.59
1.59
1.62
1.62
1.68
1.69
1.69
1.69
1.69
1.69
1.69
1.74
1.74
1.71
1.71
1.77
1.77
1.75
1.83
1.83
1.83
1.83
1.88
1.88
1.82
1.82
1.87
1.82
1.8
1.86
1.86
1.86
1.83
1.79
1.75
1.75
1.75
1.75
1.72
1.72
1.73
1.73
1.75
1.74
1.78
1.77
1.77
1.77
1.77
1.77
1.81
1.83
1.81
1.81
1.81
1.81
1.78
1.8
1.8
1.8
1.8
1.8
1.8
1.8
1.8
1.8
1.8
1.8
1.8
1.81
1.81
1.79
1.79
1.79
1.73
1.73
1.73
1.73
1.73
1.76
1.76
1.79
1.77
1.77
1.76
1.76
1.75
1.73
1.73
1.71
1.71
1.69
1.7
1.68
1.68
1.68
1.68
1.68
1.68
1.68
1.66
1.65
1.65
1.65
1.63
1.63
1.65
1.65
1.65
1.66
1.66
1.66
1.66
1.66
1.65
1.65
1.65
1.65
1.64
1.62
1.62
1.62
1.62
1.62
1.68
1.68
1.68
1.7
1.67
1.64
1.64
1.66
1.63
1.63
1.63
1.63
1.66
1.66
1.66
1.66
1.65
1.65
1.69
1.69
1.69
1.69
1.73
1.78
1.78
1.78
1.78
1.78
1.78
1.75
1.75
1.82
1.86
1.86
1.86
1.88
1.82
1.86
1.86
1.86
1.89
1.91
1.91
1.95
1.95
1.97
1.97
1.97
1.97
1.97
2.0
2.0
1.99
2.01
2.01
2.01
2.01
2.01
2.01
2.01
2.01
2.01
1.99
1.99
1.98
1.95
1.96
1.97
1.97
1.97
2.0
1.94
1.92
1.89
1.92
1.84
1.81
1.81
1.81
1.81
1.81
1.81
1.81
1.81
1.8
1.73
1.8
1.76
1.76
1.76
1.76
1.76
1.76
1.69
1.69
1.69
1.69
1.69
1.69
1.7
1.7
1.7
1.64
1.64
1.64
1.64
1.65
1.6
1.65
1.65
1.63
1.63
1.62
1.61
1.63
1.6
1.6
1.6
1.6
1.6
1.6
1.6
1.66
1.66
1.63
1.68
1.68
1.68
1.67
1.67
1.67
1.67
1.64
1.67
1.62
1.63
1.63
1.63
1.69
1.69
1.69
1.68
1.68
1.71
1.73
1.76
1.76
1.75
1.75
1.75
1.78
1.78
1.79
1.77
1.77
1.77
1.79
1.72
1.66
1.66
1.66
1.63
1.67
1.67
1.69
1.64
1.64
1.58
1.58
1.58
1.58
1.58
1.58
1.66
1.66
1.6
1.61
1.6
1.64
1.64
1.7
1.7
1.7
1.73
1.76
1.7
1.7
1.71
1.71
1.68
1.66
1.66
1.66
1.66
1.66
1.7
1.7
1.73
1.73
1.72
1.73
1.7
1.7
1.74
1.74
1.74
1.74
1.73
1.73
1.73
1.73
1.74
1.74
1.74
1.74
1.72
1.64
1.64
1.57
1.56
1.56
1.56
1.56
1.56
1.55
1.55
1.54
1.54
1.5
1.5
1.46
1.49
1.49
1.47
1.48
1.46
1.46
1.49
1.49
1.49
1.48
1.47
1.48
1.42
1.42
1.42
1.42
1.37
1.39
1.39
1.37
1.37
1.37
1.38
1.36
1.35
1.34
1.38
1.38
1.32
1.27
1.31
1.31
1.32
1.31
1.31
1.31
1.31
1.31
1.31
1.31
1.32
1.34
1.36
1.37
1.37
1.37
1.38
1.42
1.42
1.38
1.38
1.35
1.35
1.33
1.33
1.33
1.33
1.33
1.39
1.39
1.39
1.39
1.39
1.4
1.44
1.44
1.44
1.42
1.42
1.46
1.46
1.42
1.46
1.46
1.46
1.46
1.42
1.37
1.38
1.38
1.38
1.41
1.41
1.41
1.41
1.41
1.44
1.44
1.44
1.44
1.44
1.4
1.43
1.43
1.43
1.42
1.42
1.44
1.5
1.47
1.43
1.45
1.45
1.5
1.51
1.51
1.51
1.52
1.5
1.5
1.52
1.52
1.52
1.52
1.52
1.51
1.53
1.55
1.55
1.55
1.55
1.54
1.57
1.6
1.6
1.6
1.6
1.6
1.6
1.6
1.56
1.55
1.55
1.59
1.59
1.59
1.57
1.57
1.57
1.57
1.62
1.62
1.62
1.6
1.6
1.62
1.64
1.64
1.63
1.61
1.55
1.55
1.55
1.58
1.53
1.48
1.5
1.46
1.46
1.39
1.44
1.46
1.46
1.42
1.46
1.46
1.46
1.46
1.46
1.47
1.47
1.47
1.49
1.47
1.49
1.46
1.47
1.47
1.47
1.47
1.47
1.48
1.48
1.48
1.48
1.48
1.5
1.5
1.54
1.54
1.54
1.54
1.54
1.54
1.54
1.54
1.54
1.53
1.57
1.56
1.56
1.59
1.6
1.6
1.6
1.59
1.56
1.61
1.6
1.63
1.63
1.63
1.59
1.59
1.59
1.59
1.59
1.64
1.64
1.56
1.53
1.5
1.5
1.53
1.54
1.54
1.54
1.54
1.54
1.51
1.51
1.51
1.51
1.51
1.45
1.45
1.44
1.39
1.39
1.45
1.45
1.51
1.48
1.46
1.46
1.45
1.45
1.45
1.45
1.45
1.45
1.45
1.45
1.47
1.48
1.48
1.49
1.48
1.48
1.48
1.5
1.5
1.52
1.5
1.5
1.5
1.45
1.45
1.45
1.45
1.45
1.45
1.45
1.45
1.45
1.45
1.45
1.45
1.45
1.45
1.45
1.45
1.45
1.44
1.43
1.43
1.44
1.42
1.44
1.44
1.44
1.44
1.42
1.42
1.42
1.41
1.41
1.42
1.48
1.46
1.46
1.46
1.41
1.37
1.37
1.4
1.4
1.42
1.42
1.38
1.39
1.41
1.48
1.53
1.54
1.54
1.47
1.47
1.48
1.48
1.49
1.49
1.48
1.48
1.46
1.48
1.48
1.48
1.48
1.48
1.44
1.44
1.44
1.44
1.44
1.44
1.44
1.37
1.38
1.37
1.36
1.32
1.32
1.32
1.32
1.34
1.34
1.37
1.32
1.32
1.32
1.26
1.28
1.28
1.31
1.31
1.32
1.32
1.31
1.31
1.31
1.31
1.31
1.31
1.34
1.34
1.34
1.32
1.32
1.3
1.33
1.33
1.33
1.33
1.33
1.33
1.36
1.37
1.44
1.41
1.4
1.4
1.4
1.4
1.4
1.4
1.4
1.4
1.38
1.38
1.38
1.38
1.37
1.36
1.36
1.33
1.33
1.36
1.36
1.36
1.36
1.37
1.35
1.35
1.32
1.29
1.3
1.3
1.3
1.3
1.3
1.3
1.3
1.3
1.3
1.3
1.31
1.31
1.33
1.32
1.32
1.35
1.35
1.35
1.35
1.36
1.36
1.36
1.36
1.36
1.36
1.31
1.31
1.31
1.31
1.31
1.26
1.3
1.3
1.23
1.22
1.22
1.22
1.21
1.26
1.29
1.29
1.23
1.27
1.28
1.28
1.31
1.31
1.31
1.37
1.37
1.35
1.32
1.32
1.32
1.32
1.32
1.36
1.31
1.31
1.31
1.31
1.31
1.23
1.23
1.23
1.25
1.25
1.26
1.26
1.26
1.23
1.23
1.23
1.25
1.26
1.26
1.26
1.26
1.26
1.29
1.29
1.29
1.32
1.32
1.32
1.32
1.32
1.36
1.36
1.42
1.41
1.35
1.35
1.35
1.35
1.39
1.32
1.36
1.36
1.36
1.36
1.36
1.36
1.32
1.32
1.32
1.32
1.32
1.32
1.32
1.32
1.32
1.33
1.33
1.33
1.28
1.34
1.36
1.36
1.35
1.28
1.28
1.2
1.2
1.2
1.2
1.2
1.2
1.2
1.2
1.22
1.24
1.23
1.23
1.22
1.23
1.23
1.29
1.29
1.29
1.3
1.3
1.35
1.34
1.33
1.36
1.35
1.35
1.32
1.32
1.32
1.32
1.33
1.38
1.38
1.39
1.39
1.39
1.37
1.42
1.41
1.42
1.47
1.49
1.49
1.44
1.44
1.4
1.4
1.4
1.4
1.39
1.36
1.38
1.4
1.4
1.39
1.38
1.43
1.43
1.43
1.43
1.44
1.44
1.44
1.44
1.44
1.51
1.51
1.55
1.54
1.54
1.54
1.49
1.44
1.43
1.43
1.43
1.45
1.45
1.45
1.48
1.45
1.44
1.44
1.44
1.44
1.5
1.5
1.52
1.53
1.53
1.53
1.54
1.54
1.54
1.5
1.5
1.55
1.52
1.52
1.51
1.51
1.57
1.58
1.61
1.61
1.61
1.61
1.63
1.63
1.63
1.58
1.58
1.53
1.52
1.52
1.51
1.54
1.54
1.54
1.54
1.54
1.52
1.49
1.49
1.49
1.51
1.54
1.61
1.61
1.61
1.61
1.61
1.63
1.63
1.63
1.63
1.71
1.71
1.76
1.76
1.75
1.71
1.66
1.66
1.6
1.65
1.64
1.64
1.64
1.64
1.64
1.64
1.64
1.64
1.73
1.73
1.75
1.78
1.78
1.78
1.79
1.79
1.75
1.76
1.76
1.76
1.76
1.76
1.77
1.77
1.8
1.8
1.78
1.78
1.77
1.75
1.75
1.72
1.72
1.66
1.67
1.72
1.72
1.72
1.67
1.67
1.67
1.67
1.65
1.65
1.59
1.6
1.69
1.66
1.66
1.66
1.66
1.67
1.62
1.62
1.62
1.62
1.62
1.64
1.7
1.7
1.72
1.72
1.72
1.72
1.72
1.72
1.68
1.68
1.74
1.75
1.72
1.72
1.72
1.72
1.69
1.68
1.68
1.68
1.65
1.65
1.65
1.66
1.66
1.66
1.63
1.63
1.68
1.68
1.68
1.68
1.63
1.63
1.58
1.6
1.6
1.61
1.56
1.56
1.53
1.53
1.53
1.53
1.53
1.53
1.53
1.53
1.5
1.48
1.42
1.48
1.48
1.53
1.53
1.52
1.52
1.52
1.54
1.55
1.61
1.61
1.61
1.68
1.68
1.68
1.64
1.64
1.64
1.64
1.61
1.55
1.58
1.58
1.58
1.58
1.61
1.63
1.58
1.58
1.56
1.56
1.56
1.56
1.56
1.51
1.51
1.51
1.51
1.51
1.55
1.55
1.55
1.55
1.55
1.53
1.53
1.54
1.52
1.52
1.52
1.52
1.52
1.53
1.53
1.53
1.53
1.53
1.49
1.49
1.48
1.5
1.5
1.49
1.49
1.49
1.49
1.49
1.49
1.53
1.53
1.49
1.43
1.43
1.43
1.43
1.46
1.46
1.46
1.47
1.47
1.47
1.44
1.44
1.44
1.41
1.41
1.4
1.36
1.36
1.39
1.4
1.42
1.42
1.38
1.41
1.41
1.39
1.37
1.3
1.3
1.3
1.3
1.31
1.31
1.31
1.3
1.3
1.3
1.3
1.3
1.3
1.3
1.3
1.3
1.37
1.37
1.37
1.34
1.34
1.34
1.32
1.26
1.26
1.26
1.26
1.24
1.24
1.24
1.24
1.24
1.24
1.24
1.21
1.21
1.21
1.22
1.22
1.22
1.22
1.25
1.25
1.2
1.24
1.24
1.25
1.25
1.25
1.25
1.25
1.21
1.21
1.21
1.2
1.2
1.2
1.2
1.24
1.24
1.23
1.23
1.23
1.15
1.15
1.15
1.15
1.15
1.16
1.2
1.2
1.2
1.21
1.27
1.26
1.22
1.28
1.28
1.25
1.25
1.25
1.27
1.27
1.28
1.28
1.26
1.26
1.2
1.21
1.21
1.2
1.26
1.26
1.24
1.2
1.2
1.2
1.22
1.22
1.22
1.18
1.17
1.16
1.16
1.16
1.22
1.22
1.22
1.22
1.22
1.22
1.22
1.22
1.23
1.23
1.16
1.16
1.16
1.16
1.15
1.15
1.15
1.15
1.15
1.14
1.14
1.14
1.17
1.17
1.2
1.2
1.17
1.18
1.18
1.22
1.22
1.24
1.24
1.2
1.19
1.18
1.2
1.19
1.23
1.21
1.21
1.21
1.21
1.21
1.21
1.21
1.21
1.25
1.22
1.23
1.23
1.23
1.23
1.23
1.23
1.27
1.27
1.27
1.27
1.27
1.32
1.33
1.33
1.35
1.33
1.28
1.25
1.25
1.26
1.26
1.26
1.23
1.23
1.23
1.28
1.28
1.28
1.23
1.23
1.24
1.24
1.18
1.18
1.22
1.22
1.22
1.22
1.22
1.22
1.24
1.26
1.26
1.26
1.29
1.29
1.33
1.33
1.34
1.37
1.37
1.37
1.37
1.38
1.34
1.29
1.29
1.29
1.34
1.34
1.34
1.36
1.36
1.36
1.43
1.37
1.39
1.39
1.39
1.39
1.39
1.39
1.39
1.32
1.31
1.3
1.29
1.29
1.29
1.24
1.24
1.24
1.24
1.24
1.24
1.24
1.28
1.27
1.27
1.27
1.3
1.3
1.3
1.29
1.29
1.29
1.29
1.27
1.31
1.26
1.26
1.26
1.27
1.23
1.23
1.23
1.23
1.25
1.25
1.3
1.3
1.31
1.31
1.31
1.29
1.33
1.33
1.4
1.4
1.4
1.4
1.38
1.38
1.38
1.38
1.38
1.38
1.41
1.41
1.4
1.4
1.4
1.4
1.43
1.43
1.4
1.4
1.4
1.4
1.4
1.4
1.4
1.4
1.4
1.4
1.33
1.33
1.39
1.42
1.42
1.47
1.43
1.43
1.41
1.41
1.44
1.41
1.41
1.41
1.39
1.39
1.39
1.39
1.39
1.41
1.41
1.42
1.44
1.43
1.43
1.47
1.44
1.46
1.46
1.44
1.44
1.41
1.43
1.45
1.46
1.46
1.46
1.46
1.46
1.46
1.46
1.47
1.47
1.44
1.45
1.46
1.46
1.48
1.48
1.43
1.4
1.4
1.4
1.4
1.34
1.38
1.39
1.36
1.4
1.4
1.43
1.45
1.5
1.5
1.5
1.5
1.48
1.48
1.51
1.5
1.5
1.5
1.5
1.5
1.5
1.5
1.42
1.46
1.46
1.48
1.48
1.44
1.42
1.42
1.42
1.39
1.43
1.43
1.43
1.44
1.44
1.44
1.44
1.44
1.44
1.45
1.45
1.45
1.39
1.39
1.33
1.33
1.33
1.33
1.4
1.37
1.38
1.38
1.39
1.39
1.36
1.36
1.36
1.34
1.25
1.25
1.25
1.25
1.25
1.25
1.26
1.27
1.3
1.25
1.25
1.25
1.29
1.29
1.23
1.25
1.25
1.25
1.26
1.3
1.3
1.3
1.35
1.35
1.35
1.35
1.35
1.35
1.31
1.31
1.31
1.32
1.32
1.32
1.32
1.32
1.33
1.33
1.33
1.34
1.34
1.38
1.38
1.4
1.4
1.36
1.36
1.36
1.37
1.38
1.38
1.38
1.41
1.38
1.34
1.31
1.31
1.27
1.27
1.3
1.3
1.29
1.34
1.39
1.39
1.39
1.39
1.39
1.37
1.32
1.33
1.32
1.32
1.32
1.3
1.3
1.26
1.26
1.26
1.26
1.27
1.26
1.22
1.16
1.16
1.16
1.17
1.17
1.17
1.16
1.22
1.22
1.17
1.17
1.17
1.15
1.15
1.15
1.17
1.25
1.25
1.25
1.25
1.25
1.25
1.25
1.25
1.25
1.25
1.26
1.25
1.25
1.21
1.22
1.18
1.18
1.21
1.21
1.18
1.18
1.12
1.06
1.06
1.06
1.06
1.06
1.06
1.06
1.07
1.07
1.07
1.07
1.07
1.07
1.07
1.04
1.04
1.04
1.04
1.1
1.06
1.06
1.09
1.09
1.12
1.12
1.14
1.14
1.12
1.15
1.17
1.17
1.17
1.17
1.19
1.19
1.25
1.25
1.25
1.25
1.23
1.23
1.26
1.26
1.26
1.28
1.19
1.19
1.15
1.15
1.18
1.19
1.19
1.19
1.21
1.21
1.21
1.21
1.21
1.21
1.19
1.16
1.22
1.22
1.23
1.23
1.24
1.25
1.21
1.22
1.24
1.23
1.23
1.23
1.23
1.23
1.23
1.23
1.23
1.23
1.23
1.24
1.24
1.24
1.24
1.24
1.24
1.24
1.23
1.23
1.2
1.26
1.26
1.34
1.37
1.42
1.42
1.42
1.42
1.42
1.48
1.49
1.49
1.51
1.51
1.51
1.49
1.49
1.49
1.53
1.58
1.61
1.61
1.61
1.61
1.61
1.61
1.6
1.6
1.6
1.56
1.56
1.57
1.62
1.62
1.62
1.62
1.62
1.62
1.62
1.62
1.56
1.56
1.61
1.62
1.62
1.67
1.67
1.72
1.72
1.72
1.72
1.72
1.72
1.72
1.72
1.72
1.69
1.69
1.69
1.69
1.69
1.69
1.69
1.69
1.69
1.78
1.78
1.78
1.78
1.78
1.78
1.78
1.78
1.78
1.78
1.77
1.77
1.8
1.81
1.81
1.81
1.81
1.81
1.8
1.8
1.83
1.83
1.81
1.81
1.87
1.9
1.9
1.9
1.9
1.9
1.92
1.92
1.92
1.92
1.9
1.9
1.9
1.92
1.92
1.92
1.91
1.86
1.84
1.84
1.9
1.94
1.94
1.94
1.94
1.94
1.94
1.94
1.92
1.9
1.9
1.91
1.93
1.93
1.91
1.97
1.93
1.93
1.93
1.93
1.93
1.93
1.93
1.92
1.87
1.88
1.88
1.83
1.85
1.85
1.84
1.84
1.84
1.91
1.91
1.92
1.92
1.92
1.92
1.92
1.93
1.97
1.97
1.97
1.94
1.94
1.94
1.94
1.95
1.95
1.9
1.9
1.9
1.9
1.9
1.9
1.9
1.9
1.9
1.93
1.86
1.86
1.86
1.86
1.9
1.9
1.91
1.91
1.94
1.94
1.95
1.89
1.89
1.83
1.83
1.79
1.79
1.8
1.81
1.82
1.85
1.85
1.82
1.76
1.78
1.78
1.78
1.78
1.81
1.81
1.81
1.81
1.83
1.88
1.88
1.88
1.88
1.88
1.88
1.88
1.88
1.87
1.81
1.74
1.67
1.67
1.67
1.67
1.67
1.67
1.62
1.62
1.62
1.61
1.54
1.54
1.55
1.57
1.58
1.55
1.55
1.55
1.55
1.55
1.55
1.6
1.6
1.6
1.58
1.56
1.56
1.61
1.61
1.65
1.68
1.68
1.68
1.68
1.68
1.68
1.68
1.69
1.75
1.75
1.75
1.67
1.67
1.67
1.63
1.62
1.6
1.6
1.52
1.56
1.56
1.56
1.56
1.56
1.55
1.55
1.54
1.54
1.54
1.51
1.47
1.54
1.52
1.52
1.52
1.52
1.51
1.51
1.53
1.53
1.53
1.49
1.47
1.47
1.47
1.45
1.45
1.43
1.37
1.34
1.33
1.36
1.34
1.35
1.38
1.38
1.44
1.39
1.39
1.39
1.39
1.43
1.4
1.4
1.4
1.4
1.4
1.39
1.32
1.32
1.32
1.32
1.32
1.32
1.32
1.32
1.32
1.32
1.32
1.3
1.28
1.28
1.28
1.28
1.28
1.28
1.28
1.28
1.28
1.35
1.3
1.3
1.3
1.29
1.37
1.35
1.35
1.35
1.29
1.29
1.27
1.27
1.27
1.27
1.27
1.31
1.31
1.31
1.3
1.3
1.3
1.32
1.32
1.32
1.32
1.32
1.26
1.26
1.26
1.29
1.29
1.34
1.34
1.36
1.36
1.36
1.36
1.33
1.33
1.35
1.36
1.35
1.35
1.35
1.35
1.37
1.41
1.33
1.38
1.38
1.38
1.38
1.38
1.38
1.37
1.37
1.37
1.37
1.34
1.34
1.34
1.34
1.34
1.26
1.26
1.26
1.26
1.3
1.3
1.3
1.3
1.26
1.26
1.26
1.26
1.28
1.28
1.29
1.29
1.26
1.26
1.19
1.18
1.18
1.18
1.16
1.16
1.23
1.25
1.25
1.25
1.25
1.25
1.25
1.22
1.21
1.18
1.14
1.16
1.16
1.17
1.15
1.15
1.15
1.15
1.19
1.18
1.18
1.17
1.17
1.19
1.2
1.2
1.2
1.2
1.18
1.19
1.19
1.19
1.21
1.2
1.19
1.19
1.13
1.15
1.15
1.13
1.13
1.13
1.13
1.11
1.09
1.07
1.07
1.1
1.08
1.07
1.09
1.09
1.09
1.09
1.16
1.17
1.17
1.17
1.17
1.18
1.16
1.17
1.17
1.17
1.15
1.14
1.14
1.14
1.14
1.14
1.14
1.14
