4.34
4.3
4.25
4.19
4.2
4.16
4.08
4.09
4.09
4.11
4.11
4.13
4.17
4.18
4.22
4.14
4.13
4.11
4.11
4.12
4.13
4.08
4.08
4.08
4.11
4.13
4.14
4.13
4.14
4.14
4.11
4.03
4.06
4.08
4.07
4.02
3.95
3.92
3.92
3.86
3.9
3.9
3.9
3.93
3.9
3.82
3.85
3.77
3.78
3.8
3.78
3.8
3.8
3.8
3.8
3.81
3.82
3.84
3.87
3.89
3.9
3.91
3.93
3.94
3.86
3.87
3.89
3.88
3.88
3.86
3.81
3.83
3.81
3.82
3.8
3.81
3.76
3.73
3.74
3.75
3.74
3.76
3.74
3.76
3.71
3.67
3.7
3.68
3.68
3.65
3.66
3.67
3.69
3.65
3.65
3.67
3.68
3.68
3.7
3.74
3.74
3.75
3.79
3.81
3.82
3.83
3.84
3.81
3.83
3.82
3.84
3.84
3.86
3.9
3.85
3.82
3.87
3.92
3.91
3.91
3.93
3.92
3.92
3.93
3.91
3.92
3.87
3.81
3.77
3.77
3.77
3.8
3.81
3.82
3.79
3.8
3.76
3.74
3.78
3.79
3.8
3.82
3.8
3.82
3.83
3.85
3.88
3.86
3.81
3.84
3.85
3.86
3.84
3.84
3.87
3.9
3.87
3.81
3.82
3.83
3.84
3.85
3.87
3.89
3.91
3.91
3.96
3.97
3.98
4.0
3.98
3.99
3.99
4.02
4.04
4.05
4.05
4.05
4.06
4.07
4.1
4.09
4.1
4.12
4.07
4.1
4.12
4.14
4.16
4.14
4.15
4.17
4.17
4.19
4.19
4.19
4.2
4.21
4.23
4.24
4.26
4.27
4.27
4.28
4.31
4.32
4.27
4.28
4.29
4.29
4.32
4.33
4.34
4.38
4.36
4.37
4.39
4.4
4.42
4.45
4.47
4.48
4.5
4.53
4.54
4.51
4.53
4.54
4.49
4.47
4.47
4.49
4.53
4.55
4.56
4.58
4.52
4.54
4.55
4.56
4.58
4.61
4.63
4.6
4.61
4.62
4.6
4.62
4.62
4.63
4.63
4.64
4.67
4.69
4.71
4.72
4.74
4.75
4.76
4.73
4.74
4.74
4.75
4.73
4.74
4.72
4.69
4.67
4.66
4.67
4.65
4.66
4.67
4.7
4.7
4.68
4.69
4.7
4.71
4.7
4.71
4.74
4.75
4.77
4.75
4.78
4.8
4.81
4.83
4.82
4.83
4.81
4.82
4.83
4.84
4.83
4.86
4.82
4.82
4.83
4.85
4.86
4.87
4.88
4.89
4.88
4.89
4.89
4.89
4.9
4.91
4.92
4.92
4.93
4.9
4.91
4.89
4.86
4.86
4.87
4.88
4.92
4.92
4.93
4.94
4.95
4.97
4.99
4.98
4.94
4.96
4.94
4.95
4.96
4.94
4.95
4.95
4.96
4.99
5.0
5.0
5.04
5.06
5.05
5.07
5.08
5.1
5.11
5.14
5.11
5.12
5.15
5.16
5.17
5.18
5.19
5.2
5.21
5.22
5.23
5.25
5.25
5.25
5.26
5.27
5.29
5.3
5.3
5.31
5.31
5.3
5.31
5.29
5.27
5.28
5.29
5.28
5.29
5.3
5.31
5.31
5.3
5.31
5.32
5.33
5.32
5.32
5.33
5.31
5.32
5.33
5.34
5.35
5.34
5.35
5.35
5.36
5.36
5.37
5.37
5.38
5.39
5.4
5.39
5.4
5.41
5.39
5.37
5.37
5.38
5.39
5.43
5.44
5.46
5.47
5.47
5.45
5.45
5.42
5.41
5.39
5.34
5.34
5.35
5.37
5.39
5.42
5.44
5.41
5.42
5.45
5.46
5.49
5.5
5.51
5.52
5.5
5.51
5.52
5.53
5.54
5.57
5.58
5.59
5.6
5.59
5.58
5.58
5.6
5.61
5.62
5.63
5.64
5.64
5.65
5.66
5.62
5.58
5.58
5.59
5.6
5.6
5.58
5.6
5.62
5.63
5.64
5.65
5.68
5.69
5.7
5.68
5.69
5.69
5.69
5.7
5.71
5.72
5.74
5.75
5.76
5.78
5.79
5.8
5.8
5.81
5.78
5.78
5.78
5.79
5.8
5.76
5.76
5.76
5.77
5.77
5.77
5.78
5.77
5.78
5.79
5.8
5.79
5.8
5.81
5.8
5.81
5.82
5.83
5.83
5.83
5.84
5.85
5.87
5.88
5.88
5.86
5.84
5.86
5.87
5.83
5.8
5.83
5.84
5.81
5.82
5.84
5.85
5.83
5.83
5.84
5.84
5.83
5.82
5.83
5.82
5.83
5.84
5.86
5.83
5.84
5.84
5.85
5.85
5.83
5.84
5.85
5.84
5.85
5.89
5.91
5.89
5.9
5.83
5.84
5.86
5.88
5.85
5.85
5.86
5.86
5.87
5.83
5.85
5.86
5.84
5.85
5.85
5.86
5.87
5.84
5.82
5.83
5.83
5.83
5.83
5.82
5.81
5.8
5.82
5.83
5.84
5.85
5.85
5.86
5.86
5.88
5.89
5.91
5.92
5.92
5.92
5.94
5.91
5.91
5.87
5.82
5.83
5.84
5.84
5.85
5.84
5.85
5.86
5.85
5.86
5.86
5.86
5.86
5.86
5.83
5.84
5.84
5.84
5.82
5.83
5.84
5.82
5.82
5.83
5.83
5.84
5.85
5.85
5.86
5.88
5.9
5.91
5.89
5.9
5.92
5.92
5.89
5.89
5.89
5.9
5.91
5.89
5.9
5.91
5.86
5.87
5.88
5.89
5.91
5.92
5.9
5.91
5.92
5.9
5.9
5.89
5.9
5.92
5.9
5.9
5.9
5.92
5.93
5.94
5.94
5.95
5.95
5.96
5.97
5.98
5.99
6.0
6.01
6.02
6.02
6.0
6.01
6.02
6.03
6.01
6.02
5.97
5.98
5.98
5.98
5.99
6.0
6.01
6.02
6.03
6.02
5.97
5.98
5.99
5.98
5.93
5.94
5.93
5.94
5.92
5.93
5.93
5.89
5.9
5.91
5.91
5.92
5.91
5.91
5.91
5.92
5.93
5.9
5.91
5.93
5.91
5.92
5.93
5.93
5.94
5.95
5.96
5.93
5.94
5.95
5.96
5.97
5.98
5.98
5.96
5.97
5.98
5.99
6.01
6.02
6.03
6.01
6.03
6.01
6.02
6.0
5.99
5.97
5.96
5.97
5.98
5.99
6.0
5.99
6.0
5.98
5.97
6.0
6.0
5.99
6.0
5.99
6.0
6.01
6.01
6.01
6.01
6.02
6.01
6.03
6.01
6.02
6.03
6.04
6.07
6.07
6.08
6.07
6.08
6.07
6.08
6.05
6.06
6.06
6.04
6.04
6.01
6.02
6.01
6.01
6.04
6.05
6.06
6.07
6.08
6.09
6.11
6.11
6.12
6.13
6.14
6.12
6.13
6.14
6.15
6.16
6.16
6.17
6.16
6.16
6.16
6.17
6.18
6.18
6.19
6.19
6.19
6.21
6.2
6.21
6.22
6.22
6.21
6.21
6.22
6.22
6.21
6.22
6.23
6.24
6.23
6.22
6.23
6.24
6.25
6.23
6.24
6.23
6.24
6.25
6.27
6.27
6.27
6.28
6.28
6.24
6.24
6.23
6.24
6.25
6.26
6.27
6.28
6.25
6.26
6.27
6.29
6.3
6.32
6.33
6.34
6.36
6.37
6.37
6.36
6.32
6.31
6.32
6.33
6.35
6.35
6.35
6.36
6.36
6.36
6.37
6.38
6.39
6.39
6.4
6.4
6.41
6.4
6.41
6.42
6.41
6.37
6.38
6.39
6.36
6.37
6.38
6.39
6.39
6.39
6.4
6.41
6.42
6.4
6.4
6.38
6.37
6.37
6.38
6.36
6.35
6.37
6.36
6.37
6.36
6.37
6.37
6.38
6.39
6.39
6.4
6.41
6.41
6.42
6.43
6.44
6.45
6.41
6.41
6.37
6.38
6.39
6.4
6.4
6.4
6.43
6.43
6.44
6.44
6.43
6.43
6.42
6.4
6.41
6.42
6.43
6.44
6.45
6.43
6.44
6.42
6.42
6.39
6.4
6.41
6.43
6.44
6.43
6.44
6.44
6.44
6.44
6.43
6.44
6.42
6.41
6.42
6.43
6.43
6.43
6.43
6.43
6.44
6.45
6.46
6.43
6.45
6.46
6.45
6.47
6.47
6.47
6.47
6.48
6.48
6.48
6.48
6.49
6.49
6.5
6.51
6.49
6.49
6.49
6.47
6.48
6.48
6.49
6.49
6.5
6.51
6.52
6.52
6.54
6.55
6.55
6.56
6.56
6.56
6.56
6.55
6.54
6.53
6.54
6.55
6.55
6.55
6.56
6.55
6.55
6.56
6.57
6.58
6.57
6.58
6.59
6.59
6.6
6.59
6.6
6.61
6.62
6.63
6.64
6.65
6.66
6.66
6.67
6.68
6.68
6.69
6.7
6.71
6.68
6.69
6.67
6.68
6.68
6.68
6.69
6.68
6.65
6.66
6.66
6.65
6.66
6.67
6.68
6.68
6.66
6.65
6.65
6.65
6.65
6.66
6.66
6.67
6.67
6.65
6.65
6.65
6.66
6.64
6.65
6.65
6.66
6.67
6.68
6.68
6.68
6.67
6.68
6.69
6.7
6.71
6.72
6.72
6.73
6.72
6.73
6.74
6.73
6.73
6.73
6.74
6.74
6.75
6.73
6.75
6.75
6.72
6.73
6.74
6.75
6.76
6.77
6.78
6.78
6.79
6.8
6.81
6.82
6.83
6.83
6.82
6.82
6.82
6.82
6.83
6.84
6.85
6.85
6.86
6.87
6.87
6.88
6.89
6.9
6.91
6.9
6.91
6.92
6.92
6.93
6.92
6.93
6.94
6.94
6.94
6.95
6.96
6.97
6.96
6.97
6.98
6.98
6.97
6.97
6.97
6.98
6.99
6.96
6.96
6.97
6.98
6.93
6.93
6.93
6.92
6.93
6.91
6.9
6.91
6.92
6.93
6.91
6.9
6.91
6.92
6.93
6.92
6.93
6.93
6.94
6.93
6.93
6.94
6.95
6.96
6.97
6.96
6.97
6.96
6.97
6.98
6.99
7.0
7.01
7.02
7.03
7.04
7.05
7.06
7.06
7.07
7.06
7.06
7.06
7.06
7.07
7.07
7.07
7.06
7.05
7.05
7.05
7.05
7.03
7.04
7.02
7.01
7.01
7.0
7.0
7.0
7.01
7.0
7.0
7.01
7.02
7.02
7.02
7.02
7.03
7.04
7.05
7.06
7.06
7.05
7.06
7.02
7.03
7.04
7.03
6.99
6.98
6.98
6.99
6.98
6.99
7.0
6.98
6.99
6.99
7.0
7.0
7.0
6.99
6.99
6.99
7.0
6.99
6.99
6.98
6.98
6.95
6.95
6.96
6.97
6.97
6.96
6.96
6.97
6.98
6.99
6.99
6.99
6.99
6.99
6.99
6.99
7.0
7.01
6.99
6.99
6.99
6.99
6.99
7.0
7.01
7.0
6.99
6.98
6.99
7.0
7.01
7.02
7.01
7.02
7.03
7.03
7.04
7.05
7.04
7.02
7.01
7.02
7.02
6.99
7.0
7.0
6.99
7.0
7.01
7.02
7.02
7.03
7.04
7.05
7.05
7.05
7.02
7.02
7.02
7.03
7.02
7.03
7.04
7.04
7.05
7.05
7.06
7.06
7.04
7.03
7.03
7.03
7.03
7.03
7.04
7.04
7.04
7.04
7.05
7.06
7.04
7.04
7.01
7.01
7.01
7.01
6.97
6.97
6.96
6.96
6.96
6.96
6.94
6.94
6.91
6.91
6.89
6.89
6.85
6.85
6.85
6.86
6.86
6.86
6.86
6.86
6.86
6.87
6.87
6.88
6.89
6.88
6.87
6.87
6.86
6.86
6.86
6.86
6.86
6.87
6.87
6.87
6.86
6.82
6.83
6.84
6.84
6.84
6.85
6.85
6.86
6.85
6.85
6.83
6.84
6.84
6.83
6.83
6.84
6.84
6.84
6.84
6.85
6.85
6.86
6.86
6.84
6.84
6.84
6.85
6.86
6.87
6.87
6.88
6.85
6.85
6.83
6.81
6.8
6.79
6.79
6.79
6.8
6.78
6.78
6.79
6.79
6.8
6.8
6.81
6.82
6.83
6.84
6.84
6.84
6.85
6.85
6.85
6.85
6.86
6.87
6.86
6.86
6.86
6.87
6.86
6.86
6.85
6.85
6.83
6.83
6.83
6.84
6.84
6.83
6.82
6.83
6.83
6.84
6.84
6.83
6.83
6.83
6.82
6.82
6.83
6.83
6.83
6.83
6.84
6.84
6.84
6.84
6.85
6.86
6.84
6.84
6.85
6.87
6.86
6.85
6.86
6.86
6.85
6.86
6.85
6.86
6.87
6.88
6.88
6.89
6.89
6.87
6.88
6.88
6.88
6.87
6.87
6.88
6.87
6.86
6.87
6.86
6.85
6.86
6.87
6.88
6.87
6.86
6.85
6.86
6.86
6.85
6.85
6.85
6.86
6.86
