4.36
4.32
4.27
4.29
4.31
4.33
4.29
4.3
4.32
4.31
4.31
4.33
4.35
4.37
4.4
4.38
4.36
4.33
4.37
4.38
4.4
4.33
4.36
4.31
4.27
4.28
4.27
4.22
4.17
4.19
4.19
4.22
4.24
4.24
4.24
4.27
4.22
4.23
4.16
4.17
4.17
4.18
4.2
4.2
4.21
4.22
4.19
4.17
4.18
4.13
4.1
4.11
4.13
4.13
4.15
4.15
4.16
4.17
4.2
4.22
4.15
4.16
4.17
4.13
4.13
4.1
4.07
4.08
4.11
4.13
4.16
4.12
4.11
4.1
4.08
4.05
4.05
4.07
4.08
4.09
4.06
4.08
4.05
4.06
4.04
4.05
3.96
4.01
4.0
4.0
4.0
3.98
3.98
4.01
4.05
4.05
4.07
4.05
4.02
4.0
4.03
3.98
3.94
3.96
3.98
3.94
3.95
3.92
3.9
3.87
3.88
3.88
3.9
3.93
3.94
3.97
3.97
3.97
3.99
4.01
3.99
4.03
4.07
4.08
4.05
4.06
4.08
4.09
4.1
4.12
4.09
4.11
4.13
4.09
4.11
4.12
4.13
4.13
4.09
4.05
4.06
4.01
4.02
4.03
4.04
4.02
4.03
4.08
4.07
4.05
4.09
4.13
4.15
4.16
4.18
4.2
4.22
4.24
4.25
4.28
4.31
4.29
4.32
4.32
4.34
4.32
4.33
4.34
4.32
4.32
4.33
4.29
4.31
4.28
4.29
4.32
4.32
4.34
4.35
4.35
4.33
4.34
4.34
4.37
4.38
4.36
4.35
4.33
4.32
4.29
4.3
4.31
4.27
4.22
4.23
4.19
4.2
4.18
4.2
4.21
4.23
4.25
4.2
4.21
4.22
4.24
4.22
4.24
4.27
4.31
4.32
4.33
4.34
4.35
4.39
4.38
4.39
4.38
4.4
4.43
4.44
4.47
4.48
4.5
4.52
4.53
4.5
4.47
4.48
4.5
4.52
4.48
4.5
4.47
4.48
4.48
4.5
4.52
4.53
4.56
4.56
4.58
4.59
4.6
4.61
4.62
4.63
4.61
4.58
4.6
4.61
4.59
4.62
4.65
4.66
4.67
4.68
4.69
4.7
4.72
4.7
4.71
4.72
4.73
4.74
4.74
4.75
4.74
4.73
4.72
4.77
4.75
4.75
4.75
4.73
4.76
4.72
4.69
4.72
4.71
4.73
4.7
4.7
4.7
4.72
4.75
4.77
4.78
4.82
4.82
4.83
4.81
4.81
4.83
4.84
4.84
4.85
4.83
4.82
4.81
4.83
4.85
4.86
4.87
4.88
4.86
4.88
4.9
4.86
4.87
4.87
4.88
4.91
4.89
4.9
4.87
4.88
4.91
4.93
4.94
4.93
4.91
4.92
4.94
4.95
4.96
4.97
4.95
4.96
4.97
4.96
4.97
4.98
4.98
4.99
5.02
5.03
5.0
5.0
5.02
5.03
5.03
5.06
5.08
5.05
5.06
5.08
5.09
5.09
5.09
5.08
5.08
5.09
5.12
5.1
5.1
5.11
5.1
5.08
5.07
5.07
5.08
5.1
5.09
5.1
5.1
5.07
5.04
5.04
5.04
5.05
5.05
5.05
5.07
5.05
5.05
5.05
5.07
5.08
5.05
5.06
5.04
5.01
5.02
5.04
5.04
5.03
5.04
5.05
5.04
5.06
5.07
5.08
5.05
5.03
5.04
5.03
5.05
5.03
5.02
5.04
5.01
5.02
5.02
5.03
5.05
5.06
5.08
5.09
5.08
5.08
5.1
5.1
5.1
5.06
5.07
5.09
5.09
5.1
5.09
5.1
5.09
5.12
5.13
5.14
5.15
5.15
5.15
5.19
5.17
5.2
5.21
5.22
5.2
5.21
5.21
5.23
5.24
5.24
5.25
5.26
5.26
5.28
5.27
5.28
5.29
5.29
5.28
5.29
5.28
5.31
5.32
5.33
5.34
5.34
5.35
5.36
5.37
5.38
5.39
5.38
5.39
5.36
5.37
5.34
5.36
5.37
5.36
5.37
5.36
5.37
5.38
5.4
5.41
5.42
5.42
5.44
5.48
5.49
5.5
5.49
5.47
5.46
5.48
5.49
5.5
5.49
5.5
5.49
5.5
5.51
5.55
5.56
5.57
5.54
5.55
5.56
5.57
5.57
5.57
5.58
5.59
5.61
5.62
5.63
5.64
5.66
5.67
5.68
5.7
5.71
5.73
5.72
5.71
5.7
5.7
5.69
5.69
5.7
5.69
5.7
5.71
5.72
5.74
5.73
5.72
5.73
5.74
5.72
5.73
5.72
5.74
5.75
5.75
5.76
5.77
5.76
5.77
5.78
5.76
5.73
5.74
5.75
5.76
5.75
5.76
5.79
5.8
5.83
5.82
5.83
5.84
5.82
5.83
5.84
5.84
5.85
5.86
5.85
5.86
5.87
5.88
5.89
5.92
5.93
5.94
5.93
5.95
5.95
5.96
5.97
5.96
5.96
5.96
5.97
5.98
5.99
5.98
5.99
6.0
6.01
6.0
6.01
5.98
5.98
5.96
5.95
5.94
5.95
5.95
5.96
5.94
5.95
5.96
5.95
5.95
5.93
5.94
5.9
5.93
5.94
5.93
5.94
5.95
5.96
5.97
5.97
5.98
5.99
6.02
6.03
6.04
6.04
6.04
6.05
6.07
6.09
6.1
6.11
6.12
6.12
6.13
6.13
6.14
6.14
6.15
6.15
6.16
6.17
6.14
6.15
6.14
6.14
6.15
6.15
6.16
6.17
6.18
6.17
6.18
6.18
6.19
6.2
6.21
6.22
6.21
6.22
6.22
6.22
6.23
6.21
6.21
6.2
6.21
6.21
6.19
6.2
6.2
6.18
6.2
6.19
6.19
6.18
6.19
6.2
6.18
6.19
6.18
6.19
6.19
6.18
6.18
6.18
6.16
6.17
6.18
6.19
6.2
6.21
6.22
6.24
6.24
6.24
6.24
6.25
6.25
6.26
6.27
6.25
6.26
6.27
6.25
6.26
6.26
6.27
6.28
6.28
6.29
6.27
6.28
6.28
6.26
6.24
6.25
6.26
6.27
6.27
6.27
6.28
6.26
6.26
6.25
6.26
6.27
6.28
6.28
6.29
6.31
6.32
6.33
6.34
6.34
6.35
6.36
6.37
6.38
6.39
6.4
6.41
6.42
6.4
6.41
6.42
6.43
6.44
6.45
6.45
6.46
6.45
6.46
6.42
6.43
6.42
6.43
6.43
6.44
6.44
6.44
6.45
6.43
6.43
6.44
6.39
6.39
6.4
6.4
6.41
6.42
6.43
6.42
6.43
6.41
6.4
6.42
6.41
6.42
6.42
6.43
6.44
6.45
6.46
6.44
6.44
6.45
6.45
6.46
6.48
6.49
6.5
6.51
6.52
6.53
6.52
6.51
6.52
6.5
6.49
6.5
6.51
6.48
6.48
6.49
6.5
6.51
6.52
6.53
6.54
6.53
6.51
6.5
6.5
6.5
6.51
6.52
6.52
6.53
6.53
6.53
6.53
6.52
6.53
6.53
6.54
6.54
6.55
6.56
6.56
6.57
6.58
6.59
6.59
6.6
6.58
6.58
6.58
6.58
6.58
6.59
6.57
6.54
6.53
6.53
6.54
6.54
6.56
6.57
6.55
6.56
6.57
6.56
6.55
6.55
6.56
6.57
6.56
6.56
6.59
6.58
6.59
6.59
6.58
6.59
6.57
6.58
6.58
6.59
6.6
6.61
6.62
6.63
6.64
6.65
6.65
6.64
6.65
6.66
6.67
6.67
6.68
6.68
6.69
6.7
6.7
6.71
6.69
6.68
6.66
6.66
6.65
6.65
6.65
6.66
6.66
6.64
6.65
6.65
6.64
6.65
6.65
6.65
6.66
6.67
6.68
6.67
6.68
6.68
6.69
6.7
6.7
6.71
6.72
6.73
6.74
6.74
6.74
6.75
6.76
6.77
6.78
6.79
6.8
6.81
6.82
6.82
6.83
6.84
6.83
6.84
6.84
6.84
6.84
6.84
6.85
6.84
6.83
6.82
6.82
6.83
6.84
6.84
6.85
6.82
6.82
6.81
6.82
6.82
6.82
6.81
6.8
6.79
6.8
6.81
6.81
6.82
6.83
6.84
6.84
6.85
6.83
6.84
6.85
6.86
6.89
6.89
6.9
6.9
6.91
6.92
6.93
6.92
6.92
6.92
6.93
6.93
6.94
6.93
6.93
6.93
6.93
6.93
6.93
6.94
6.94
6.94
6.94
6.94
6.95
6.93
6.94
6.95
6.93
6.93
6.91
6.91
6.92
6.93
6.94
6.93
6.94
6.94
6.94
6.94
6.95
6.96
6.95
6.95
6.95
6.92
6.9
6.9
6.91
6.91
6.91
6.91
6.91
6.9
6.91
6.92
6.93
6.94
6.93
6.94
6.94
6.95
6.95
6.96
6.96
6.93
6.93
6.92
6.92
6.93
6.92
6.93
6.92
6.94
6.93
6.93
6.93
6.93
6.93
6.94
6.94
6.94
6.94
6.91
6.92
6.93
6.91
6.91
6.9
6.89
6.9
6.9
6.91
6.9
6.91
6.91
6.91
6.92
6.9
6.89
6.88
6.88
6.87
6.87
6.88
6.85
6.85
6.86
6.87
6.86
6.87
6.87
6.87
6.88
6.88
6.88
6.88
6.89
6.89
6.89
6.88
6.89
6.87
6.88
6.87
6.88
6.88
6.88
6.87
6.87
6.86
6.87
6.88
6.86
6.87
6.87
6.87
6.88
6.89
6.89
6.89
6.89
6.87
6.86
6.87
6.86
6.86
6.85
6.86
6.87
6.87
6.86
6.87
6.88
6.89
6.89
6.89
6.89
6.87
6.88
6.87
6.87
6.86
6.87
6.87
6.88
6.89
6.88
6.87
6.88
6.87
6.87
6.87
6.85
6.85
6.86
6.87
6.87
6.87
6.86
6.86
6.87
6.87
6.88
6.89
6.86
6.87
6.88
6.87
6.88
6.86
6.87
6.86
6.87
6.87
6.87
6.87
6.84
6.85
6.86
6.87
6.87
6.87
6.86
6.87
6.87
6.88
6.89
6.89
6.9
6.9
6.91
6.91
6.92
6.93
6.92
6.92
6.93
6.92
6.93
6.93
6.92
6.91
6.91
6.91
6.91
6.92
6.93
6.94
6.94
6.95
6.95
6.95
6.94
6.93
6.94
6.93
6.93
6.94
6.94
6.95
6.96
6.97
6.98
6.98
6.99
7.0
7.01
7.02
7.03
7.03
7.04
7.05
7.05
7.05
7.06
7.05
7.05
7.05
7.02
7.03
7.04
7.05
7.06
7.06
7.07
7.07
7.08
7.08
7.08
7.08
7.09
7.09
7.1
7.09
7.1
7.11
7.12
7.13
7.12
7.13
7.13
7.13
7.14
7.14
7.15
7.15
7.16
7.16
7.17
7.18
7.16
7.15
7.14
7.13
7.12
7.11
7.11
7.1
7.1
7.11
7.12
7.13
7.13
7.13
7.11
7.1
7.11
7.12
7.13
7.12
7.12
7.12
7.12
7.13
7.14
7.14
7.14
7.15
7.16
7.16
7.16
7.15
7.16
7.17
7.16
7.16
7.17
7.17
7.17
7.17
7.16
7.16
7.17
7.16
7.14
7.14
7.14
7.14
7.13
7.14
7.13
7.13
7.13
7.12
7.12
7.11
7.12
7.13
7.13
7.14
7.14
7.14
7.15
7.15
7.14
7.11
7.11
7.11
7.11
7.11
7.11
7.12
7.12
7.13
7.12
7.13
7.13
7.14
7.14
7.15
7.15
7.12
7.11
7.12
7.13
7.14
7.14
7.13
7.12
7.11
7.1
7.09
7.09
7.09
7.1
7.1
7.11
7.12
7.12
7.12
7.13
7.12
7.12
7.11
7.12
7.13
7.13
7.14
7.15
7.15
7.16
7.17
7.18
7.17
7.17
7.17
7.18
7.19
7.18
7.18
7.18
7.19
7.2
7.2
7.2
7.2
7.19
7.18
7.18
7.18
7.18
7.18
7.17
7.18
7.17
7.15
7.14
7.15
7.14
7.15
7.16
7.17
7.17
7.16
7.16
7.16
7.15
7.15
7.14
7.15
7.12
7.12
7.11
7.11
7.12
7.13
7.12
7.12
7.11
7.11
7.11
7.11
7.12
7.12
7.12
7.13
7.13
7.13
7.13
7.13
7.12
7.13
7.12
7.12
7.11
7.11
7.11
7.12
7.12
7.12
7.11
7.09
7.06
7.06
7.06
7.05
7.05
7.05
7.05
7.06
7.06
7.07
7.05
7.05
7.05
7.05
7.05
7.05
7.05
7.04
7.04
7.02
7.01
7.0
7.0
7.0
7.01
7.02
7.03
7.04
7.05
7.05
7.06
7.04
7.05
7.04
7.04
7.03
7.03
7.04
7.05
7.05
7.05
7.05
7.06
7.06
7.06
7.05
7.06
7.07
7.06
7.06
7.05
7.06
7.06
7.06
7.07
7.07
7.07
7.07
7.08
7.06
7.06
7.06
7.06
7.05
7.05
7.06
7.06
7.07
7.07
7.08
7.07
7.07
7.08
7.08
7.09
7.1
7.09
7.09
7.09
7.1
7.09
7.08
7.08
7.09
7.08
7.08
7.08
7.07
7.06
7.05
7.05
7.05
7.05
7.06
7.07
7.07
7.07
7.07
7.08
7.09
7.1
7.11
7.09
7.1
7.09
7.1
7.1
7.1
7.09
7.1
7.11
7.12
7.12
7.11
7.12
7.13
7.14
7.14
7.15
7.16
7.17
7.17
7.15
7.14
7.15
7.15
7.16
7.16
7.17
7.17
7.16
7.17
7.18
7.19
7.2
7.21
7.21
7.21
7.21
7.2
7.21
7.21
7.19
7.19
7.2
7.21
7.21
7.2
7.2
7.21
7.21
7.21
7.21
7.21
7.22
7.21
7.21
7.2
7.2
7.19
7.2
7.2
7.2
7.2
7.19
7.18
7.18
7.19
7.2
7.19
7.19
7.17
7.17
7.16
7.16
7.17
7.17
7.17
7.18
7.19
7.19
7.18
7.18
7.19
7.2
7.2
7.21
7.21
7.21
7.21
7.19
7.19
7.2
7.2
7.19
7.19
7.19
7.2
7.21
7.19
7.19
7.19
7.19
7.19
7.17
7.18
7.19
7.2
7.21
7.22
7.22
7.22
7.23
7.24
7.24
7.23
7.21
7.22
7.22
7.2
7.19
7.19
7.2
7.2
7.2
7.21
7.22
7.23
7.23
7.24
7.24
7.24
7.23
7.24
7.24
7.22
7.22
7.21
7.21
7.21
7.18
7.17
7.18
7.19
7.18
7.19
7.19
7.18
7.18
7.19
7.2
7.2
7.19
7.2
7.21
7.22
7.23
7.22
7.22
7.22
7.22
7.22
7.22
7.21
7.22
7.22
7.21
7.21
7.22
7.22
7.21
7.21
7.21
7.22
7.21
7.21
7.2
7.2
7.19
7.2
7.21
7.21
7.21
7.2
7.19
7.18
7.18
7.18
7.18
7.18
7.17
7.16
7.15
7.15
7.15
7.16
7.17
7.18
7.19
7.16
7.17
7.18
7.16
7.17
7.18
7.19
7.18
7.19
7.2
7.2
7.2
7.18
7.19
7.2
7.19
7.18
7.19
7.2
7.21
7.21
7.21
7.22
7.22
7.21
7.21
7.21
7.21
7.21
7.19
7.19
7.2
7.19
7.2
7.21
7.22
7.23
7.23
7.22
7.22
7.21
7.21
7.22
7.22
7.21
7.19
7.18
7.17
7.17
7.18
7.19
7.19
7.19
7.2
7.19
7.19
7.19
7.19
7.19
7.18
7.18
7.18
7.19
7.2
7.21
7.19
7.19
7.18
7.18
7.16
7.15
7.14
7.15
7.15
7.13
7.13
7.14
7.15
7.16
7.14
7.15
7.16
7.17
7.17
7.17
7.17
7.16
7.15
7.15
7.16
7.16
7.16
7.17
7.18
7.17
7.18
7.19
7.19
7.19
7.2
7.21
7.19
7.2
7.2
7.2
7.2
7.19
7.17
7.18
7.19
7.2
7.21
7.21
7.2
7.2
7.21
7.2
7.18
7.16
7.16
7.17
7.16
7.17
7.18
7.19
7.2
7.2
7.19
7.2
7.2
7.21
7.22
7.23
7.24
7.24
7.25
7.26
7.26
7.25
7.26
7.26
7.26
7.26
7.26
7.26
7.27
7.27
7.26
7.26
7.27
7.28
7.28
7.28
7.29
7.3
7.29
7.29
7.28
7.27
7.27
7.26
7.26
7.27
7.27
7.27
7.27
7.27
7.28
7.29
7.3
7.3
7.3
7.31
7.3
7.3
7.3
7.3
7.29
7.28
7.28
7.28
7.27
7.27
7.28
7.27
7.28
7.28
7.27
7.26
7.26
7.27
7.27
7.27
7.28
7.28
7.28
7.29
7.3
7.3
7.3
7.3
7.3
7.3
7.3
7.3
7.3
7.3
7.31
7.31
7.31
7.31
7.32
7.31
7.32
7.32
7.33
7.33
7.33
7.33
7.32
7.32
7.32
7.32
7.32
7.31
7.31
7.31
7.32
7.31
7.3
7.31
7.3
7.31
7.32
7.31
7.32
7.31
7.31
7.3
7.31
7.31
7.3
7.29
7.3
7.3
7.29
7.29
7.29
7.3
7.3
7.3
7.31
7.32
7.32
7.32
7.32
7.32
7.33
7.33
7.32
7.3
7.3
7.29
7.3
7.3
7.3
7.29
7.3
7.31
7.31
7.31
7.3
7.31
7.32
7.32
7.32
7.33
7.32
7.33
7.33
7.33
7.33
7.34
7.34
7.34
7.35
7.35
7.35
7.35
7.34
7.33
7.32
7.32
7.31
7.3
7.31
7.32
7.33
7.31
7.32
7.33
7.33
7.34
7.34
7.34
7.33
7.33
7.33
7.33
7.33
7.32
7.33
7.33
7.33
7.33
7.34
7.34
7.35
7.36
7.34
7.33
7.33
7.34
7.33
7.34
7.35
7.36
7.37
7.37
7.38
7.38
7.38
7.38
7.39
7.39
7.38
7.39
7.39
7.38
7.38
7.38
7.37
7.36
7.36
7.35
7.34
7.35
7.34
7.33
7.34
7.34
7.35
7.35
7.35
7.36
7.36
7.36
7.34
7.33
7.32
7.33
7.34
7.34
7.33
7.34
7.33
7.33
7.32
7.32
7.32
7.33
7.32
7.33
7.33
7.34
7.35
7.34
7.34
7.33
7.33
7.34
7.32
7.31
7.31
7.32
7.32
7.31
7.31
7.32
7.31
7.31
7.32
7.32
7.32
7.32
7.31
7.31
7.31
7.31
7.3
7.3
7.29
7.28
7.28
7.29
7.29
7.28
7.29
7.28
7.28
7.28
7.26
7.26
7.25
7.26
7.26
7.26
7.25
7.26
7.26
7.26
7.24
7.25
7.25
7.23
7.24
7.25
7.25
7.25
7.26
7.25
7.23
7.23
7.24
7.24
7.25
7.26
7.27
7.28
7.29
7.3
7.3
7.3
7.31
7.3
7.3
7.3
7.3
7.31
7.31
7.32
7.32
7.32
7.33
7.33
7.34
7.35
7.35
7.35
7.35
7.35
7.35
7.34
7.35
7.36
7.37
7.37
7.36
7.35
7.34
7.35
7.35
7.33
7.32
7.31
7.32
7.33
7.33
7.34
7.35
7.35
7.36
7.36
7.36
7.36
7.36
7.36
7.37
7.37
7.38
7.37
7.37
7.36
7.35
7.35
7.36
7.35
7.35
7.36
7.36
7.36
7.37
7.36
7.37
7.38
7.37
7.37
7.36
7.36
7.36
7.35
7.36
7.36
7.37
7.37
7.36
7.36
7.35
7.36
7.35
7.34
7.34
7.35
7.35
7.35
7.35
7.36
7.37
7.37
7.38
7.37
7.37
7.37
7.36
7.37
7.37
7.37
7.38
7.37
7.38
7.39
7.39
7.38
7.38
7.38
7.38
7.38
7.39
7.39
7.39
7.4
7.41
7.4
7.41
7.41
7.41
7.41
7.42
7.42
7.42
7.43
7.42
7.41
7.41
7.4
7.4
7.41
7.41
7.41
7.41
7.42
7.41
7.42
7.43
7.43
7.43
7.43
7.43
7.42
7.42
7.42
7.43
7.43
7.43
7.43
7.43
7.43
7.43
7.42
7.43
7.43
7.43
7.43
7.42
7.43
7.43
7.43
7.44
7.43
7.44
7.44
7.45
7.44
7.45
7.46
7.46
7.46
7.46
7.46
7.47
7.47
7.47
7.47
7.47
7.47
7.48
7.47
7.48
7.47
7.47
7.46
7.46
7.47
7.46
7.46
7.47
7.47
7.48
7.46
7.46
7.45
7.45
7.45
7.44
7.45
7.46
7.47
7.48
7.49
7.49
7.48
7.47
7.47
7.48
7.47
7.47
7.47
7.47
7.48
7.49
7.49
7.48
7.49
7.49
7.49
7.49
7.49
7.48
7.48
7.49
7.49
7.5
7.49
7.5
7.5
7.49
7.49
7.49
7.49
7.48
7.48
7.48
7.48
7.48
7.47
7.48
7.49
7.5
7.49
7.5
7.5
7.5
7.5
7.49
7.48
7.49
7.49
7.49
7.49
7.48
7.49
7.48
7.47
7.48
7.47
7.48
7.48
7.48
7.48
7.47
7.47
7.47
7.47
7.47
7.47
7.47
7.47
7.47
7.46
7.47
7.47
7.46
7.47
7.46
7.44
7.44
7.44
7.44
7.44
7.45
7.44
7.45
7.45
7.45
7.44
7.44
7.45
7.46
7.46
7.46
7.46
7.45
7.45
7.45
7.46
7.46
7.46
7.47
7.47
7.47
7.46
7.47
7.47
7.47
7.47
7.46
7.45
7.45
7.45
7.45
7.46
7.47
7.47
7.47
7.46
7.47
7.47
7.46
7.47
7.46
7.46
7.46
7.46
7.46
7.46
7.46
7.46
7.46
7.46
7.47
7.47
7.47
7.47
7.47
7.46
7.47
7.47
7.48
7.48
7.48
7.48
7.49
7.48
7.49
7.49
7.49
7.49
7.5
7.5
7.51
7.51
7.5
7.5
7.5
7.5
7.51
7.51
7.5
7.5
7.5
7.5
7.49
7.5
7.48
7.49
7.49
7.49
7.48
7.48
7.49
7.49
7.48
7.48
7.49
7.48
7.48
7.47
7.48
7.48
7.47
7.46
7.46
7.46
7.47
7.47
7.47
7.48
7.48
7.49
7.49
7.5
7.49
7.49
7.49
7.5
7.5
7.5
7.49
7.49
7.5
7.5
7.5
7.49
7.49
7.49
7.48
7.49
7.48
7.49
7.49
7.48
7.48
7.47
7.48
7.48
7.48
7.49
7.49
7.48
7.48
7.48
7.48
7.48
7.47
7.47
7.47
7.48
7.48
7.48
7.48
7.47
7.46
7.45
7.46
7.45
7.46
7.46
7.47
7.46
7.46
7.46
7.46
7.46
7.46
7.45
7.46
7.46
7.46
7.46
7.46
7.45
7.44
7.43
7.44
7.44
7.43
7.42
7.42
7.41
7.41
7.41
7.42
7.41
7.42
7.42
7.43
7.43
7.43
7.44
7.45
7.44
7.44
7.43
7.42
7.42
7.43
7.43
7.44
7.45
7.45
7.45
7.45
7.46
7.47
7.48
7.48
7.47
7.46
7.46
7.46
7.45
7.45
7.44
7.44
7.43
7.43
7.44
7.44
7.44
7.45
7.46
7.47
7.47
7.47
7.47
7.46
7.47
7.48
7.48
7.47
7.46
7.47
7.48
7.48
7.47
7.48
7.48
7.48
7.48
7.47
7.47
7.46
7.47
7.46
7.47
7.48
7.48
7.47
7.46
7.47
7.47
7.47
7.47
7.46
7.46
7.45
7.46
7.45
7.44
7.44
7.44
7.44
7.44
7.44
7.43
7.42
7.42
7.43
7.43
7.44
7.45
7.45
7.45
7.45
7.44
7.43
7.42
7.41
7.42
7.42
7.42
7.43
7.42
7.43
7.44
7.45
7.45
7.44
7.44
7.45
7.46
7.47
7.47
7.47
7.48
7.47
7.48
7.48
7.48
7.49
7.49
7.48
7.49
7.48
7.47
7.48
7.48
7.49
7.49
7.5
7.51
7.51
7.5
7.5
7.5
7.51
7.51
7.5
7.5
7.5
7.51
7.51
7.5
7.5
7.5
7.49
7.48
7.49
7.49
7.5
7.5
7.5
7.51
7.5
7.5
7.5
7.51
7.51
7.51
7.5
7.51
7.51
7.51
7.51
7.51
7.52
7.52
7.51
7.5
7.51
7.51
7.5
7.5
7.49
7.49
7.49
7.48
7.48
7.47
7.47
7.46
7.47
7.48
7.48
7.47
7.46
7.46
7.47
7.48
7.48
7.47
7.46
7.47
7.46
7.46
7.45
7.46
7.45
7.45
7.44
7.43
7.42
7.42
7.41
7.42
7.42
7.43
7.42
7.42
7.43
7.43
7.43
7.44
7.44
7.43
7.43
7.42
7.43
7.44
7.43
7.43
7.43
7.42
7.43
7.44
7.43
7.42
7.41
7.42
7.42
7.42
7.41
7.42
7.42
7.42
7.42
7.42
7.42
7.42
7.43
7.43
7.42
7.43
7.44
7.44
7.45
7.44
7.45
7.45
7.44
7.45
7.45
7.45
7.45
7.44
7.43
7.42
7.43
7.42
7.43
7.44
7.45
7.46
7.45
7.45
7.45
7.45
7.45
7.46
7.47
7.48
7.47
7.47
7.47
7.47
7.47
7.48
7.48
7.48
7.49
7.49
7.48
7.47
7.47
7.47
7.47
7.47
7.47
7.48
7.49
7.49
7.5
7.51
7.52
7.51
7.51
7.52
7.52
7.51
7.5
7.49
7.5
7.5
7.5
7.5
7.51
7.52
7.53
7.52
7.52
7.52
7.51
7.51
7.52
7.52
7.52
7.52
7.53
7.54
7.54
7.54
7.53
7.52
7.53
7.54
7.55
7.56
7.55
7.55
7.55
7.54
7.55
7.56
7.55
7.55
7.55
7.56
7.56
7.56
7.55
7.55
7.54
7.53
7.53
7.53
7.53
7.54
7.53
7.53
7.52
7.51
7.51
7.51
7.52
7.53
7.53
7.53
7.54
7.55
7.54
7.54
7.54
7.54
7.54
7.53
7.54
7.54
7.55
7.54
7.54
7.54
7.53
7.53
7.53
7.54
7.54
7.54
7.55
7.55
7.54
7.53
7.53
7.54
7.54
7.54
7.55
7.54
7.54
7.54
7.53
7.53
7.52
7.52
7.52
7.52
7.53
7.54
7.54
7.54
7.54
7.54
7.54
7.53
7.54
7.55
7.55
7.56
7.56
7.56
7.56
7.55
7.54
7.55
7.55
7.54
7.55
7.55
7.54
7.55
7.56
7.57
7.57
7.57
7.57
7.58
7.58
7.58
7.58
7.57
7.58
7.58
7.57
7.58
7.58
7.57
7.56
7.56
7.56
7.56
7.55
7.55
7.56
7.57
7.57
7.56
7.56
7.56
7.56
7.56
7.55
7.54
7.55
7.55
7.56
7.56
7.57
7.56
7.57
7.57
7.57
7.57
7.57
7.56
7.56
7.56
7.56
7.57
7.58
7.58
7.58
7.57
7.57
7.58
7.58
7.58
7.58
7.58
7.58
7.58
7.59
7.58
7.58
7.57
7.58
7.58
7.58
7.58
7.58
7.57
7.56
7.56
7.56
7.56
7.55
7.54
7.54
7.54
7.53
7.53
7.52
7.51
7.51
7.5
7.51
7.51
7.51
7.5
7.5
7.51
7.51
7.51
7.51
7.5
7.51
7.5
7.5
7.51
7.52
7.53
7.52
7.53
7.53
7.53
7.54
7.53
7.52
7.51
7.51
7.52
7.53
7.53
7.53
7.53
7.54
7.54
7.54
7.53
7.53
7.52
7.51
7.51
7.52
7.53
7.53
7.54
7.54
7.53
7.52
7.51
7.51
7.51
7.52
7.52
7.51
7.51
7.51
7.5
7.5
7.51
7.52
7.51
7.51
7.51
7.52
7.52
7.53
7.54
7.54
7.53
7.54
7.54
7.54
7.53
7.53
7.53
7.52
7.52
7.52
7.52
7.52
7.52
7.53
7.52
7.53
7.53
7.53
7.52
7.51
7.5
7.51
7.5
7.51
7.51
7.51
7.51
7.51
7.5
7.51
7.51
7.5
7.5
7.5
7.51
7.5
7.49
7.48
7.49
7.5
7.5
7.5
7.5
7.5
7.5
7.5
7.51
7.51
7.51
7.5
7.5
7.5
7.5
7.49
7.5
7.5
7.5
7.5
7.5
7.5
7.49
7.48
7.47
7.48
7.48
7.48
7.49
7.49
7.49
7.49
7.49
7.5
7.5
7.51
7.51
7.51
7.51
7.5
7.51
7.51
7.5
7.5
7.51
7.51
7.5
7.5
7.5
7.5
7.51
7.5
7.51
7.51
7.5
7.5
7.5
7.49
7.48
7.49
7.48
7.47
7.47
7.48
7.48
7.49
7.5
7.51
7.51
7.52
7.52
7.52
7.52
7.53
7.52
7.52
7.52
7.52
7.52
7.53
7.53
7.54
7.54
7.54
7.54
7.55
7.55
7.55
7.55
7.54
7.54
7.55
7.56
7.56
7.57
7.57
7.57
7.57
7.57
7.56
7.55
7.55
7.55
7.56
7.57
7.57
7.58
7.58
7.57
7.57
7.57
7.57
7.58
7.57
7.57
7.57
7.57
7.58
7.58
7.58
7.58
7.58
7.59
7.59
7.59
7.6
7.6
7.6
7.6
7.6
7.59
7.59
7.59
7.59
7.6
7.6
7.59
7.58
7.58
7.58
7.59
7.59
7.58
7.58
7.57
7.57
7.57
7.57
7.57
7.57
7.57
7.58
7.58
7.58
7.58
7.57
7.56
7.56
7.55
7.56
7.56
7.55
7.55
7.55
7.55
7.55
7.55
7.56
7.57
7.58
7.58
7.59
7.59
7.59
7.58
7.58
7.58
7.58
7.59
7.59
7.59
7.58
7.59
7.6
7.6
7.61
7.61
7.62
7.62
7.62
7.62
7.62
7.62
7.62
7.61
7.62
7.61
7.6
7.6
7.6
7.61
7.62
7.62
7.62
7.61
7.61
7.6
7.6
7.6
7.6
7.6
7.59
7.58
7.59
7.58
7.57
7.58
7.59
7.59
7.6
7.61
7.6
7.6
7.6
7.6
7.6
7.59
7.59
7.58
7.57
7.56
7.56
7.56
7.57
7.57
7.56
7.56
7.56
7.56
7.56
7.56
7.56
7.56
7.56
7.56
7.56
7.56
7.56
7.55
7.55
7.55
7.54
7.54
7.54
7.54
7.55
7.54
7.53
7.52
7.53
7.53
7.52
7.52
7.53
7.54
7.53
7.53
7.54
7.54
7.54
7.54
7.53
7.53
7.53
7.52
7.52
7.52
7.51
7.51
7.52
7.51
7.5
7.5
7.51
7.51
7.51
7.5
7.49
7.48
7.49
7.49
7.49
7.49
7.49
7.49
7.49
7.49
7.49
7.49
7.48
7.49
7.5
7.5
7.49
7.48
7.47
7.48
7.47
7.47
7.46
7.45
7.45
7.45
7.46
7.46
7.46
7.46
7.45
7.44
7.44
7.45
7.44
7.44
7.45
7.45
7.45
7.44
7.43
7.44
7.44
7.44
7.45
7.45
7.46
7.46
7.46
7.45
7.45
7.46
7.47
7.48
7.48
7.49
7.5
7.51
7.52
7.52
7.52
7.53
7.52
7.51
7.52
7.51
7.51
7.51
7.51
7.52
7.52
7.53
7.52
7.51
7.52
7.52
7.53
7.53
7.52
7.51
7.52
7.52
7.52
7.52
7.51
7.5
7.51
7.5
7.5
7.5
7.51
7.51
7.5
7.51
7.52
7.51
7.51
7.52
7.52
7.52
7.52
7.53
7.54
7.53
7.53
7.53
7.53
7.54
7.55
7.54
7.54
7.53
7.53
7.54
7.53
7.53
7.53
7.53
7.54
7.53
7.54
7.55
7.56
7.55
7.55
7.55
7.56
7.57
7.57
7.57
7.58
7.57
7.58
7.58
7.58
7.57
7.57
7.57
7.57
7.57
7.57
7.56
7.57
7.58
7.59
7.58
7.58
7.58
7.58
7.58
7.59
7.59
7.59
7.59
7.59
7.59
7.6
7.6
7.6
7.59
7.59
7.58
7.58
7.58
7.58
7.57
7.57
7.57
7.57
7.57
7.58
7.58
7.58
7.58
7.58
7.57
7.57
7.57
7.56
7.56
7.55
7.55
7.55
7.54
7.53
7.53
