4.29
4.33
4.3
4.32
4.32
4.33
4.34
4.34
4.35
4.31
4.3
4.24
4.26
4.24
4.25
4.27
4.29
4.21
4.2
4.23
4.23
4.25
4.27
4.28
4.25
4.26
4.21
4.22
4.23
4.24
4.24
4.28
4.31
4.32
4.28
4.32
4.33
4.36
4.38
4.39
4.41
4.37
4.32
4.33
4.29
4.28
4.29
4.25
4.26
4.26
4.21
4.16
4.11
4.15
4.18
4.17
4.17
4.18
4.22
4.23
4.25
4.26
4.26
4.3
4.26
4.19
4.2
4.16
4.19
4.21
4.22
4.25
4.27
4.28
4.29
4.28
4.22
4.26
4.25
4.28
4.29
4.31
4.32
4.33
4.33
4.34
4.33
4.36
4.36
4.39
4.43
4.44
4.45
4.46
4.43
4.43
4.47
4.47
4.41
4.45
4.43
4.44
4.44
4.41
4.4
4.42
4.43
4.42
4.44
4.45
4.43
4.42
4.43
4.44
4.43
4.44
4.45
4.45
4.42
4.44
4.48
4.49
4.51
4.52
4.54
4.56
4.54
4.5
4.49
4.46
4.46
4.49
4.5
4.46
4.41
4.36
4.34
4.35
4.36
4.37
4.35
4.36
4.33
4.35
4.31
4.35
4.32
4.29
4.3
4.3
4.29
4.3
4.3
4.33
4.35
4.36
4.37
4.34
4.31
4.33
4.35
4.37
4.41
4.41
4.38
4.38
4.39
4.39
4.4
4.41
4.42
4.42
4.43
4.44
4.47
4.43
4.35
4.31
4.28
4.27
4.27
4.29
4.3
4.24
4.22
4.23
4.24
4.24
4.23
4.21
4.22
4.18
4.17
4.2
4.21
4.23
4.23
4.21
4.21
4.18
4.15
4.16
4.16
4.2
4.23
4.25
4.24
4.22
4.18
4.18
4.18
4.17
4.18
4.19
4.2
4.15
4.16
4.2
4.18
4.2
4.2
4.21
4.24
4.23
4.25
4.24
4.28
4.29
4.26
4.28
4.31
4.31
4.32
4.3
4.34
4.36
4.37
4.38
4.39
4.4
4.39
4.4
4.34
4.35
4.36
4.37
4.4
4.41
4.42
4.43
4.44
4.44
4.45
4.46
4.46
4.46
4.43
4.44
4.45
4.45
4.47
4.5
4.51
4.55
4.55
4.56
4.57
4.6
4.61
4.62
4.62
4.63
4.59
4.6
4.62
4.63
4.64
4.61
4.65
4.67
4.7
4.71
4.67
4.66
4.68
4.61
4.63
4.65
4.64
4.65
4.66
4.69
4.7
4.71
4.72
4.75
4.77
4.81
4.81
4.82
4.83
4.84
4.82
4.82
4.83
4.84
4.81
4.82
4.84
4.84
4.86
4.87
4.87
4.88
4.89
4.92
4.93
4.94
4.94
4.93
4.94
4.96
4.97
4.93
4.94
4.94
4.95
4.96
4.97
4.96
4.98
4.98
4.99
4.97
4.99
5.01
5.02
5.02
5.01
5.0
4.95
4.95
4.98
4.93
4.89
4.9
4.91
4.92
4.89
4.9
4.91
4.92
4.93
4.95
4.96
4.95
4.96
4.94
4.95
4.96
4.97
4.99
5.01
5.01
4.98
4.99
5.0
5.0
5.02
5.03
5.04
5.06
5.04
5.07
5.09
5.1
5.11
5.12
5.13
5.13
5.11
5.13
5.14
5.13
5.1
5.11
5.09
5.06
5.08
5.08
5.08
5.09
5.09
5.1
5.12
5.13
5.14
5.16
5.14
5.14
5.14
5.16
5.2
5.21
5.22
5.23
5.24
5.26
5.27
5.27
5.28
5.28
5.29
5.3
5.31
5.31
5.33
5.34
5.35
5.36
5.34
5.34
5.35
5.36
5.34
5.35
5.36
5.38
5.39
5.38
5.39
5.36
5.37
5.34
5.35
5.35
5.35
5.33
5.33
5.34
5.35
5.33
5.33
5.34
5.36
5.37
5.38
5.39
5.39
5.37
5.4
5.38
5.33
5.33
5.31
5.32
5.33
5.32
5.3
5.26
5.27
5.28
5.3
5.31
5.32
5.33
5.34
5.33
5.33
5.31
5.32
5.32
5.33
5.3
5.3
5.28
5.28
5.3
5.33
5.29
5.28
5.3
5.31
5.32
5.33
5.35
5.38
5.42
5.43
5.42
5.44
5.45
5.45
5.46
5.46
5.46
5.47
5.43
5.44
5.45
5.45
5.48
5.44
5.44
5.45
5.48
5.49
5.5
5.51
5.52
5.51
5.52
5.53
5.53
5.54
5.54
5.54
5.54
5.55
5.55
5.56
5.57
5.6
5.61
5.62
5.62
5.62
5.62
5.63
5.62
5.64
5.65
5.66
5.67
5.7
5.7
5.69
5.7
5.71
5.69
5.7
5.69
5.69
5.69
5.7
5.71
5.72
5.73
5.73
5.73
5.74
5.73
5.74
5.76
5.75
5.75
5.76
5.77
5.78
5.79
5.77
5.78
5.79
5.8
5.82
5.83
5.83
5.84
5.84
5.79
5.79
5.8
5.81
5.82
5.83
5.84
5.83
5.83
5.82
5.8
5.81
5.81
5.78
5.8
5.79
5.8
5.81
5.82
5.83
5.86
5.84
5.83
5.84
5.85
5.86
5.89
5.9
5.91
5.92
5.93
5.94
5.92
5.93
5.9
5.89
5.9
5.88
5.88
5.89
5.9
5.89
5.9
5.89
5.91
5.91
5.9
5.91
5.91
5.91
5.88
5.9
5.92
5.92
5.92
5.91
5.89
5.88
5.87
5.88
5.89
5.89
5.91
5.92
5.91
5.92
5.94
5.95
5.97
5.97
5.98
5.99
5.98
5.99
5.97
5.98
5.96
5.96
5.97
5.98
5.98
5.99
6.0
5.99
6.0
6.01
6.01
6.01
6.01
6.02
6.02
6.03
6.04
6.05
6.05
6.05
6.03
6.04
6.05
6.03
6.01
6.04
6.02
6.02
6.04
6.04
6.04
6.01
6.02
6.03
6.04
6.06
6.06
6.07
6.07
6.08
6.11
6.11
6.12
6.11
6.12
6.13
6.12
6.13
6.14
6.15
6.16
6.17
6.18
6.19
6.19
6.2
6.21
6.19
6.19
6.17
6.16
6.14
6.11
6.12
6.14
6.13
6.13
6.14
6.16
6.13
6.14
6.16
6.17
6.18
6.19
6.19
6.17
6.18
6.19
6.2
6.21
6.19
6.2
6.21
6.22
6.24
6.26
6.26
6.26
6.25
6.25
6.26
6.28
6.28
6.27
6.28
6.29
6.3
6.31
6.32
6.33
6.34
6.35
6.35
6.36
6.36
6.36
6.35
6.33
6.29
6.3
6.3
6.3
6.28
6.27
6.27
6.27
6.27
6.26
6.26
6.25
6.26
6.26
6.27
6.28
6.29
6.27
6.28
6.28
6.29
6.25
6.26
6.27
6.27
6.26
6.27
6.28
6.29
6.28
6.29
6.28
6.29
6.28
6.28
6.29
6.27
6.26
6.29
6.27
6.28
6.29
6.29
6.3
6.31
6.31
6.31
6.32
6.3
6.31
6.3
6.31
6.29
6.28
6.29
6.3
6.28
6.29
6.3
6.31
6.3
6.31
6.32
6.33
6.32
6.32
6.33
6.34
6.31
6.32
6.32
6.31
6.32
6.32
6.33
6.31
6.32
6.33
6.32
6.33
6.35
6.36
6.35
6.33
6.34
6.34
6.35
6.36
6.38
6.39
6.4
6.4
6.39
6.4
6.41
6.42
6.4
6.41
6.4
6.41
6.42
6.42
6.43
6.41
6.41
6.42
6.43
6.43
6.44
6.44
6.44
6.45
6.46
6.45
6.45
6.44
6.45
6.46
6.47
6.47
6.48
6.49
6.49
6.49
6.48
6.48
6.48
6.49
6.5
6.51
6.52
6.53
6.54
6.54
6.55
6.55
6.56
6.57
6.57
6.58
6.59
6.59
6.58
6.59
6.6
6.61
6.62
6.62
6.63
6.64
6.63
6.6
6.61
6.62
6.63
6.63
6.63
6.64
6.65
6.66
6.67
6.67
6.67
6.67
6.67
6.67
6.68
6.69
6.68
6.69
6.7
6.71
6.72
6.73
6.74
6.75
6.76
6.75
6.76
6.76
6.77
6.78
6.79
6.8
6.8
6.79
6.8
6.81
6.82
6.82
6.83
6.84
6.85
6.86
6.87
6.87
6.87
6.87
6.88
6.89
6.9
6.91
6.92
6.93
6.94
6.95
6.94
6.93
6.91
6.92
6.93
6.93
6.92
6.92
6.92
6.91
6.92
6.92
6.9
6.9
6.9
6.89
6.9
6.9
6.91
6.89
6.89
6.9
6.9
6.91
6.92
6.93
6.93
6.91
6.92
6.92
6.93
6.94
6.94
6.95
6.96
6.97
6.97
6.97
6.98
6.98
6.98
6.98
6.98
6.98
6.98
6.97
6.98
6.99
6.98
6.98
6.99
6.99
7.0
6.99
6.99
6.97
6.96
6.96
6.96
6.95
6.95
6.96
6.97
6.97
6.97
6.97
6.95
6.96
6.96
6.94
6.95
6.95
6.95
6.94
6.95
6.94
6.92
6.92
6.92
6.91
6.91
6.92
6.92
6.91
6.91
6.92
6.91
6.9
6.91
6.92
6.93
6.93
6.94
6.94
6.94
6.94
6.95
6.96
6.96
6.96
6.97
6.98
6.99
6.98
6.98
6.98
6.95
6.94
6.93
6.93
6.93
6.93
6.94
6.94
6.95
6.96
6.97
6.97
6.98
6.98
6.99
7.0
7.0
7.01
7.01
7.02
7.01
7.0
7.0
7.0
6.99
7.0
7.0
6.99
6.99
6.99
7.0
7.0
7.01
7.01
7.01
7.02
7.03
7.04
7.04
7.04
7.05
7.04
7.04
7.04
7.05
7.04
7.03
7.04
7.05
7.05
7.05
7.06
7.07
7.08
7.08
7.07
7.07
7.07
7.07
7.06
7.06
7.03
7.03
7.03
7.04
7.05
7.05
7.03
7.02
7.03
7.0
7.0
7.0
7.0
7.0
6.99
6.99
6.99
7.0
6.99
6.99
7.0
7.01
7.0
7.01
7.01
7.0
7.01
6.98
6.99
7.0
7.0
7.01
7.02
7.02
7.02
7.02
7.03
7.04
7.04
7.03
7.03
7.04
7.04
7.04
7.04
7.03
7.03
7.04
7.05
7.05
7.07
7.07
7.08
7.09
7.1
7.11
7.11
7.12
7.13
7.14
7.15
7.15
7.16
7.14
7.12
7.12
7.12
7.12
7.12
7.12
7.11
7.1
7.11
7.09
7.1
7.11
7.09
7.09
7.09
7.08
7.07
7.05
7.04
7.05
7.06
7.05
7.06
7.06
7.06
7.06
7.06
7.07
7.07
7.08
7.08
7.09
7.08
7.07
7.08
7.07
7.07
7.07
7.06
7.06
7.03
7.03
7.04
7.02
7.0
7.0
7.0
6.99
6.98
6.99
6.98
6.98
6.98
6.99
7.0
6.99
7.0
6.99
7.0
7.01
7.01
7.0
7.01
7.01
6.99
6.99
6.99
7.0
6.99
6.99
7.0
7.0
7.02
7.03
7.02
7.01
7.02
7.03
7.04
7.03
7.03
7.02
7.0
7.0
7.01
7.02
7.02
7.02
7.02
7.02
7.02
7.03
7.02
7.02
7.02
7.01
7.02
7.03
7.01
6.99
6.98
6.98
6.97
6.96
6.96
6.95
6.95
6.95
6.96
6.97
6.97
6.97
6.97
6.97
6.97
6.98
6.98
6.98
6.99
7.0
7.0
7.01
7.02
7.03
7.03
7.04
7.05
7.04
7.04
7.04
7.05
7.06
7.05
7.05
7.06
7.05
7.05
7.03
7.04
7.04
7.04
7.03
7.01
7.01
7.01
7.0
7.0
7.0
6.99
6.99
7.0
7.0
6.98
6.99
7.0
6.99
6.99
6.99
7.0
6.99
6.99
6.99
7.0
7.0
7.01
7.0
7.01
7.0
7.0
7.01
7.02
7.01
7.01
7.01
7.01
7.0
7.0
7.01
7.02
7.0
7.01
7.01
7.01
7.0
7.01
7.0
7.0
7.01
7.01
7.02
7.02
7.03
7.03
7.04
7.03
7.04
7.04
7.05
7.05
7.04
7.05
7.05
7.03
7.04
7.05
7.06
7.07
7.06
7.06
7.07
7.07
7.08
7.09
7.1
7.1
7.11
7.12
7.11
7.11
7.11
7.1
7.1
7.09
7.09
7.1
7.1
7.1
7.11
7.11
7.1
7.1
7.1
7.09
7.1
7.1
7.08
7.08
7.08
7.09
7.08
7.08
7.07
7.07
7.06
7.04
7.01
7.02
7.02
7.01
7.01
7.01
7.02
7.02
7.02
7.03
7.03
7.02
7.03
7.02
7.01
6.99
6.99
7.0
7.0
6.97
6.95
6.94
6.94
6.95
6.93
6.93
6.93
6.92
6.91
6.9
6.91
6.89
6.9
6.9
6.91
6.92
6.92
6.93
6.94
6.94
6.94
6.93
6.92
6.92
6.93
6.93
6.94
6.95
6.96
6.97
6.98
6.97
6.97
6.97
6.97
6.97
6.98
6.99
6.99
6.98
6.98
6.99
6.99
6.99
7.0
7.01
7.0
7.0
7.01
7.01
7.01
7.01
7.01
7.01
7.02
7.03
7.04
7.04
7.03
7.04
7.04
7.04
7.05
7.04
7.04
7.05
7.05
7.04
7.03
7.03
7.03
7.03
7.04
7.03
7.04
7.05
7.05
7.06
7.05
7.05
7.06
7.06
7.07
7.06
7.06
7.05
7.05
7.06
7.06
7.06
7.07
7.08
7.08
7.09
7.09
7.1
7.11
7.12
7.11
7.11
7.11
7.12
7.12
7.1
7.1
7.1
7.07
7.06
7.06
7.06
7.05
7.06
7.07
7.08
7.07
7.08
7.08
7.09
7.09
7.06
7.07
7.07
7.07
7.08
7.09
7.09
7.09
7.1
7.08
7.08
7.08
7.08
7.09
7.09
7.09
7.09
7.08
7.09
7.08
7.08
7.08
7.09
7.07
7.07
7.05
7.06
7.06
7.06
7.06
7.07
7.08
7.09
7.09
7.1
7.11
7.12
7.12
7.12
7.1
7.1
7.11
7.1
7.11
7.11
7.12
7.12
7.11
7.12
7.13
7.14
7.13
7.12
7.13
7.11
7.12
7.13
7.13
7.13
7.13
7.14
7.15
7.16
7.17
7.18
7.16
7.15
7.15
7.16
7.16
7.15
7.16
7.16
7.16
7.15
7.16
7.16
7.15
7.15
7.15
7.16
7.14
7.13
7.13
7.14
7.14
7.13
7.13
7.14
7.14
7.15
7.16
7.16
7.14
7.14
7.14
7.12
7.13
7.13
7.14
7.14
7.15
7.15
7.16
7.16
7.14
7.15
7.15
7.16
7.16
7.17
7.17
7.16
7.17
7.18
7.18
7.17
7.17
7.18
7.18
7.17
7.17
7.17
7.16
7.16
7.17
7.17
7.16
7.17
7.17
7.17
7.16
7.17
7.17
7.17
7.17
7.16
7.17
7.17
7.18
7.18
7.18
7.17
7.18
7.19
7.19
7.2
7.2
7.21
7.21
7.21
7.2
7.2
7.2
7.19
7.18
7.17
7.18
7.19
7.19
7.19
7.19
7.18
7.19
7.2
7.21
7.22
7.23
7.22
7.23
7.23
7.24
7.23
7.24
7.24
7.24
7.25
7.26
7.26
7.24
7.25
7.23
7.24
7.25
7.25
7.25
7.26
7.27
7.27
7.28
7.29
7.29
7.28
7.29
7.29
7.29
7.27
7.27
7.27
7.28
7.29
7.29
7.29
7.29
7.29
7.27
7.28
7.28
7.27
7.26
7.25
7.25
7.26
7.27
7.28
7.29
7.28
7.28
7.27
7.27
7.26
7.27
7.26
7.25
7.26
7.27
7.26
7.27
7.27
7.28
7.29
7.29
7.29
7.29
7.28
7.28
7.29
7.29
7.29
7.29
7.3
7.3
7.3
7.31
7.31
7.31
7.31
7.3
7.3
7.28
7.28
7.29
7.29
7.3
7.3
7.3
7.3
7.31
7.32
7.32
7.32
7.31
7.3
7.3
7.29
7.27
7.27
7.28
7.27
7.27
7.26
7.26
7.27
7.28
7.29
7.3
7.31
7.3
7.3
7.3
7.3
7.3
7.29
7.29
7.29
7.29
7.3
7.3
7.28
7.28
7.29
7.29
7.29
7.29
7.29
7.3
7.28
7.29
7.3
7.29
7.28
7.29
7.28
7.29
7.3
7.31
7.3
7.3
7.3
7.31
7.3
7.3
7.29
7.29
7.29
7.29
7.29
7.3
7.31
7.3
7.3
7.3
7.31
7.32
7.31
7.32
7.32
7.33
7.34
7.33
7.32
7.31
7.31
7.3
7.3
7.3
7.29
7.28
7.29
7.29
7.28
7.28
7.29
7.29
7.3
7.31
7.3
7.3
7.3
7.3
7.28
7.29
7.3
7.28
7.29
7.29
7.29
7.3
7.31
7.32
7.31
7.32
7.31
7.31
7.31
7.32
7.33
7.33
7.32
7.33
7.32
7.32
7.33
7.32
7.33
7.34
7.34
7.34
7.35
7.35
7.36
7.36
7.35
7.35
7.35
7.35
7.35
7.35
7.35
7.35
7.35
7.36
7.36
7.37
7.38
7.37
7.37
7.37
7.37
7.37
7.38
7.38
7.39
7.39
7.38
7.37
7.36
7.36
7.37
7.37
7.37
7.37
7.36
7.36
7.36
7.37
7.37
7.37
7.37
7.37
7.35
7.36
7.34
7.33
7.34
7.35
7.36
7.35
7.34
7.34
7.33
7.32
7.32
7.33
7.34
7.35
7.36
7.36
7.37
7.37
7.37
7.37
7.36
7.36
7.36
7.35
7.36
7.37
7.38
7.39
7.4
7.4
7.41
7.4
7.41
7.42
7.43
7.43
7.42
7.42
7.43
7.43
7.43
7.44
7.43
7.42
7.43
7.43
7.42
7.42
7.42
7.42
7.43
7.43
7.43
7.43
7.43
7.43
7.44
7.45
7.45
7.45
7.45
7.45
7.44
7.44
7.44
7.44
7.43
7.43
7.42
7.42
7.42
7.42
7.43
7.43
7.43
7.42
7.42
7.42
7.43
7.43
7.43
7.44
7.43
7.42
7.42
7.41
7.41
7.4
7.39
7.38
7.39
7.39
7.38
7.37
7.38
7.37
7.38
7.39
7.4
7.39
7.39
7.39
7.38
7.38
7.39
7.39
7.37
7.36
7.36
7.37
7.36
7.36
7.36
7.37
7.38
7.39
7.4
7.4
7.41
7.41
7.4
7.4
7.4
7.39
7.39
7.38
7.39
7.4
7.4
7.4
7.41
7.41
7.4
7.4
7.4
7.38
7.37
7.37
7.38
7.39
7.39
7.4
7.41
7.41
7.42
7.42
7.43
7.43
7.44
7.43
7.44
7.45
7.45
7.45
7.45
7.45
7.46
7.46
7.47
7.47
7.47
7.46
7.46
7.46
7.47
7.47
7.46
7.46
7.47
7.47
7.47
7.46
7.46
7.46
7.45
7.46
7.45
7.44
7.43
7.44
7.43
7.42
7.41
7.41
7.41
7.42
7.42
7.42
7.42
7.43
7.43
7.43
7.43
7.44
7.43
7.44
7.43
7.44
7.45
7.44
7.45
7.45
7.44
7.45
7.46
7.46
7.47
7.47
7.47
7.47
7.47
7.48
7.48
7.48
7.47
7.47
7.46
7.45
7.46
7.47
7.47
7.47
7.48
7.47
7.47
7.46
7.45
7.45
7.44
7.44
7.44
7.44
7.44
7.45
7.45
7.45
7.45
7.46
7.46
7.46
7.46
7.46
7.46
7.45
7.44
7.44
7.45
7.44
7.45
7.45
7.45
7.46
7.46
7.47
7.48
7.47
7.47
7.46
7.46
7.45
7.45
7.45
7.45
7.45
7.44
7.44
7.43
7.44
7.43
7.42
7.42
7.43
7.43
7.42
7.41
7.41
7.41
7.42
7.43
7.42
7.42
7.41
7.41
7.41
7.42
7.42
7.42
7.42
7.42
7.42
7.41
7.41
7.42
7.41
7.41
