4.58
4.58
4.63
4.63
4.63
4.64
4.63
4.64
4.65
4.58
4.6
4.56
4.57
4.57
4.58
4.58
4.58
4.52
4.55
4.54
4.55
4.52
4.49
4.5
4.52
4.53
4.54
4.58
4.57
4.58
4.59
4.58
4.6
4.59
4.58
4.58
4.58
4.56
4.57
4.57
4.58
4.58
4.59
4.6
4.61
4.54
4.56
4.55
4.59
4.61
4.62
4.63
4.64
4.67
4.69
4.7
4.71
4.72
4.74
4.76
4.72
4.63
4.59
4.6
4.61
4.62
4.63
4.63
4.64
4.6
4.56
4.56
4.54
4.55
4.54
4.5
4.51
4.47
4.48
4.48
4.48
4.49
4.49
4.46
4.49
4.44
4.44
4.44
4.4
4.37
4.41
4.41
4.41
4.42
4.43
4.43
4.44
4.45
4.46
4.46
4.47
4.46
4.41
4.42
4.42
4.42
4.43
4.46
4.47
4.43
4.44
4.44
4.45
4.44
4.44
4.45
4.46
4.44
4.44
4.44
4.45
4.48
4.49
4.51
4.47
4.5
4.46
4.49
4.51
4.44
4.43
4.45
4.46
4.47
4.44
4.46
4.47
4.47
4.45
4.42
4.35
4.33
4.3
4.24
4.26
4.29
4.3
4.31
4.27
4.31
4.33
4.31
4.32
4.35
4.31
4.3
4.32
4.34
4.35
4.36
4.35
4.37
4.37
4.39
4.39
4.36
4.36
4.33
4.34
4.32
4.33
4.34
4.34
4.34
4.32
4.33
4.36
4.37
4.39
4.4
4.43
4.41
4.41
4.42
4.43
4.46
4.48
4.5
4.51
4.53
4.56
4.58
4.6
4.6
4.61
4.62
4.63
4.6
4.61
4.59
4.59
4.59
4.61
4.62
4.63
4.64
4.67
4.67
4.64
4.65
4.66
4.66
4.64
4.65
4.66
4.64
4.65
4.66
4.67
4.67
4.69
4.7
4.72
4.73
4.75
4.78
4.8
4.8
4.78
4.8
4.77
4.75
4.76
4.77
4.74
4.76
4.78
4.77
4.78
4.79
4.8
4.81
4.82
4.79
4.8
4.82
4.84
4.87
4.88
4.89
4.9
4.93
4.94
4.93
4.95
4.95
4.96
4.95
4.95
4.94
4.95
4.93
4.89
4.92
4.93
4.92
4.89
4.87
4.88
4.89
4.9
4.91
4.92
4.93
4.94
4.94
4.95
4.92
4.93
4.92
4.93
4.94
4.94
4.96
4.97
4.98
4.98
4.99
5.02
5.03
5.02
5.03
5.0
5.01
4.99
5.0
5.0
5.01
5.03
5.03
5.04
5.05
5.02
5.01
5.03
5.03
5.0
5.01
5.03
5.04
5.07
5.07
5.09
5.1
5.06
5.04
5.07
5.06
5.07
5.07
5.06
5.06
5.05
5.06
5.09
5.11
5.11
5.13
5.15
5.15
5.18
5.18
5.19
5.2
5.2
5.2
5.17
5.17
5.18
5.18
5.19
5.2
5.2
5.21
5.21
5.22
5.22
5.24
5.23
5.26
5.27
5.28
5.29
5.31
5.32
5.32
5.31
5.3
5.29
5.29
5.31
5.29
5.3
5.31
5.32
5.33
5.34
5.32
5.33
5.33
5.34
5.35
5.36
5.36
5.37
5.37
5.35
5.36
5.37
5.38
5.38
5.38
5.39
5.4
5.4
5.41
5.42
5.43
5.44
5.46
5.46
5.46
5.47
5.48
5.46
5.47
5.48
5.47
5.47
5.47
5.43
5.44
5.48
5.49
5.49
5.5
5.51
5.52
5.53
5.54
5.55
5.56
5.57
5.57
5.58
5.57
5.58
5.59
5.59
5.6
5.61
5.61
5.63
5.63
5.64
5.66
5.67
5.68
5.68
5.69
5.7
5.71
5.72
5.73
5.74
5.74
5.74
5.75
5.76
5.76
5.77
5.78
5.78
5.78
5.79
5.78
5.82
5.83
5.82
5.83
5.84
5.83
5.83
5.83
5.84
5.83
5.85
5.86
5.83
5.82
5.83
5.84
5.83
5.82
5.83
5.84
5.84
5.85
5.86
5.87
5.85
5.86
5.84
5.84
5.84
5.82
5.83
5.84
5.86
5.86
5.87
5.88
5.89
5.89
5.9
5.91
5.92
5.93
5.93
5.94
5.92
5.91
5.91
5.92
5.92
5.92
5.93
5.94
5.9
5.91
5.92
5.92
5.93
5.92
5.93
5.94
5.94
5.93
5.95
5.95
5.96
5.97
5.98
5.98
5.99
6.0
6.01
6.01
6.01
6.02
6.03
6.04
6.0
6.01
6.01
6.0
6.0
6.01
5.97
5.96
5.97
5.95
5.96
5.95
5.96
5.96
5.97
5.93
5.92
5.9
5.88
5.87
5.86
5.87
5.88
5.89
5.9
5.9
5.9
5.89
5.9
5.9
5.9
5.9
5.9
5.91
5.92
5.92
5.93
5.94
5.95
5.95
5.96
5.97
5.98
5.98
5.96
5.97
5.98
5.99
6.0
6.01
6.02
6.0
6.01
6.02
6.02
6.03
6.06
6.07
6.06
6.06
6.05
6.04
6.03
6.04
6.04
6.05
6.05
6.06
6.07
6.08
6.07
6.07
6.07
6.08
6.08
6.09
6.09
6.1
6.1
6.12
6.12
6.13
6.15
6.15
6.15
6.14
6.09
6.09
6.1
6.11
6.11
6.12
6.13
6.13
6.1
6.11
6.12
6.11
6.12
6.12
6.1
6.09
6.1
6.12
6.13
6.14
6.18
6.17
6.18
6.17
6.18
6.19
6.2
6.19
6.2
6.21
6.22
6.23
6.23
6.24
6.24
6.25
6.25
6.26
6.27
6.28
6.29
6.3
6.29
6.29
6.29
6.3
6.31
6.32
6.33
6.34
6.33
6.33
6.31
6.31
6.32
6.33
6.34
6.35
6.34
6.35
6.35
6.37
6.37
6.37
6.38
6.39
6.38
6.38
6.38
6.39
6.4
6.38
6.39
6.4
6.41
6.42
6.42
6.43
6.44
6.44
6.45
6.43
6.44
6.45
6.46
6.46
6.47
6.48
6.48
6.47
6.47
6.47
6.47
6.47
6.48
6.49
6.49
6.46
6.47
6.48
6.49
6.5
6.51
6.49
6.45
6.46
6.47
6.47
6.48
6.48
6.48
6.48
6.49
6.47
6.48
6.45
6.46
6.46
6.47
6.48
6.49
6.47
6.44
6.45
6.46
6.46
6.46
6.47
6.43
6.42
6.42
6.4
6.41
6.42
6.4
6.41
6.41
6.41
6.42
6.41
6.42
6.43
6.42
6.43
6.42
6.43
6.44
6.44
6.42
6.43
6.44
6.45
6.45
6.46
6.47
6.48
6.47
6.48
6.49
6.5
6.51
6.52
6.53
6.56
6.57
6.58
6.59
6.58
6.59
6.58
6.59
6.59
6.6
6.61
6.62
6.63
6.64
6.65
6.65
6.66
6.66
6.67
6.68
6.68
6.69
6.7
6.71
6.72
6.7
6.7
6.7
6.7
6.69
6.7
6.64
6.65
6.63
6.64
6.63
6.62
6.63
6.64
6.64
6.63
6.63
6.61
6.62
6.63
6.63
6.63
6.63
6.6
6.61
6.6
6.59
6.6
6.61
6.62
6.63
6.63
6.64
6.63
6.62
6.63
6.6
6.61
6.6
6.6
6.6
6.62
6.63
6.61
6.6
6.61
6.62
6.62
6.62
6.62
6.63
6.63
6.63
6.63
6.64
6.63
6.64
6.64
6.64
6.63
6.64
6.65
6.65
6.66
6.65
6.65
6.66
6.67
6.67
6.68
6.69
6.69
6.69
6.7
6.69
6.7
6.71
6.72
6.72
6.71
6.71
6.72
6.72
6.71
6.71
6.71
6.71
6.7
6.71
6.7
6.69
6.7
6.71
6.71
6.72
6.73
6.74
6.75
6.75
6.76
6.77
6.77
6.77
6.78
6.77
6.78
6.78
6.79
6.8
6.8
6.78
6.76
6.74
6.7
6.71
6.71
6.72
6.73
6.73
6.74
6.72
6.72
6.73
6.74
6.73
6.74
6.75
6.73
6.72
6.71
6.7
6.67
6.68
6.67
6.68
6.68
6.67
6.68
6.63
6.63
6.6
6.58
6.58
6.58
6.59
6.6
6.61
6.61
6.61
6.62
6.63
6.63
6.64
6.64
6.65
6.63
6.64
6.64
6.64
6.64
6.64
6.62
6.63
6.63
6.64
6.64
6.63
6.64
6.65
6.65
6.65
6.65
6.66
6.66
6.67
6.68
6.69
6.68
6.68
6.69
6.69
6.69
6.68
6.68
6.67
6.67
6.68
6.68
6.66
6.67
6.67
6.65
6.64
6.62
6.63
6.64
6.64
6.65
6.65
6.64
6.64
6.64
6.65
6.64
6.65
6.66
6.65
6.65
6.63
6.63
6.64
6.65
6.65
6.65
6.65
6.66
6.66
6.66
6.67
6.68
6.68
6.68
6.67
6.68
6.68
6.69
6.67
6.67
6.68
6.69
6.68
6.67
6.65
6.66
6.67
6.68
6.68
6.69
6.69
6.69
6.69
6.66
6.67
6.68
6.68
6.67
6.64
6.63
6.63
6.63
6.63
6.64
6.65
6.66
6.66
6.67
6.68
6.69
6.7
6.71
6.69
6.69
6.7
6.69
6.67
6.68
6.67
6.67
6.68
6.68
6.69
6.68
6.66
6.64
6.65
6.66
6.67
6.67
6.66
6.64
6.63
6.64
6.63
6.62
6.62
6.62
6.62
6.61
6.62
6.63
6.64
6.64
6.64
6.65
6.63
6.63
6.64
6.63
6.63
6.64
6.64
6.65
6.66
6.67
6.66
6.67
6.68
6.69
6.67
6.68
6.67
6.68
6.69
6.66
6.64
6.64
6.65
6.66
6.63
6.64
6.64
6.65
6.66
6.66
6.65
6.66
6.64
6.63
6.64
6.64
6.65
6.66
6.65
6.65
6.65
6.66
6.67
6.66
6.67
6.67
6.66
6.66
6.67
6.67
6.68
6.69
6.68
6.69
6.69
6.7
6.68
6.68
6.66
6.64
6.64
6.65
6.67
6.64
6.65
6.66
6.66
6.66
6.66
6.66
6.67
6.66
6.65
6.64
6.63
6.6
6.59
6.59
6.59
6.56
6.57
6.58
6.59
6.58
6.59
6.59
6.61
6.59
6.61
6.61
6.59
6.6
6.59
6.59
6.6
6.61
6.61
6.61
6.61
6.6
6.6
6.61
6.61
6.62
6.63
6.64
6.65
6.66
6.66
6.67
6.65
6.65
6.66
6.65
6.66
6.67
6.67
6.68
6.69
6.69
6.7
6.71
6.71
6.7
6.7
6.71
6.72
6.73
6.72
6.71
6.71
6.73
6.73
6.74
6.75
6.75
6.74
6.74
6.72
6.72
6.73
6.73
6.74
6.75
6.75
6.76
6.75
6.76
6.77
6.78
6.78
6.79
6.8
6.81
6.82
6.83
6.84
6.85
6.85
6.85
6.85
6.85
6.85
6.85
6.83
6.84
6.85
6.85
6.83
6.82
6.79
6.8
6.8
6.8
6.81
6.8
6.8
6.81
6.82
6.83
6.81
6.79
6.8
6.81
6.82
6.79
6.79
6.8
6.78
6.78
6.79
6.8
6.81
6.82
6.8
6.8
6.81
6.8
6.79
6.8
6.81
6.82
6.82
6.83
6.83
6.83
6.83
6.8
6.78
6.78
6.78
6.78
6.78
6.79
6.79
6.8
6.8
6.8
6.81
6.81
6.82
6.83
6.84
6.84
6.85
6.85
6.86
6.87
6.88
6.88
6.88
6.87
6.87
6.87
6.87
6.87
6.88
6.88
6.86
6.85
6.85
6.85
6.85
6.85
6.83
6.83
6.84
6.84
6.84
6.82
6.82
6.83
6.84
6.82
6.82
6.82
6.83
6.84
6.85
6.86
6.83
6.84
6.84
6.84
6.84
6.84
6.84
6.84
6.85
6.84
6.84
6.85
6.85
6.86
6.86
6.86
6.86
6.86
6.85
6.85
6.85
6.85
6.86
6.85
6.86
6.84
6.84
6.84
6.85
6.85
6.86
6.87
6.87
6.88
6.88
6.87
6.87
6.87
6.87
6.87
6.85
6.85
6.84
6.84
6.82
6.82
6.81
6.81
6.8
6.79
6.79
6.79
6.77
6.75
6.76
6.77
6.77
6.78
6.79
6.8
6.8
6.8
6.8
6.81
6.81
6.82
6.83
6.84
6.84
6.85
6.85
6.85
6.86
6.87
6.87
6.87
6.86
6.87
6.87
6.87
6.88
6.89
6.86
6.87
6.85
6.85
6.84
6.85
6.85
6.84
6.85
6.85
6.85
6.86
6.86
6.84
6.85
6.84
6.84
6.85
6.85
6.85
6.85
6.85
6.86
6.86
6.84
6.83
6.84
6.82
6.83
6.83
6.83
6.84
6.83
6.83
6.83
6.84
6.84
6.84
6.84
6.84
6.85
6.86
6.86
6.87
6.87
6.87
6.88
6.88
6.87
6.86
6.86
6.86
6.87
6.88
6.88
6.88
6.86
6.87
6.88
6.89
6.9
6.89
6.87
6.87
6.87
6.88
6.89
6.89
6.9
6.91
6.92
6.93
6.91
6.91
6.92
6.92
6.92
6.92
6.93
6.93
6.92
6.92
6.9
6.91
6.91
6.91
6.92
6.93
6.93
6.94
6.95
6.96
6.96
6.96
6.96
6.97
6.97
6.98
6.99
6.99
7.0
7.01
7.01
7.0
6.99
7.0
7.01
7.02
7.03
7.03
7.03
7.04
7.04
7.04
7.04
7.02
7.02
7.03
7.04
7.04
7.03
7.02
7.01
7.02
7.03
7.01
6.99
6.99
6.98
6.98
6.97
6.97
6.98
6.95
6.95
6.94
6.95
6.94
6.95
6.94
6.95
6.95
6.96
6.96
6.96
6.97
6.97
6.97
6.96
6.97
6.98
6.98
6.98
6.98
6.99
6.98
6.99
7.0
7.0
7.0
7.0
7.0
6.99
6.98
6.99
6.99
6.97
6.97
6.97
6.97
6.97
6.98
6.98
6.98
6.99
6.99
6.97
6.98
6.99
6.98
6.96
6.97
6.97
6.96
6.97
6.96
6.97
6.97
6.98
6.99
7.0
7.01
7.01
7.01
7.0
7.01
7.02
7.03
7.04
7.05
7.04
7.05
7.03
7.03
7.03
7.04
7.02
7.03
7.04
7.05
7.05
7.05
7.05
7.05
7.06
7.07
7.07
7.08
7.08
7.09
7.08
7.08
7.06
7.06
7.07
7.08
7.07
7.07
7.08
7.06
7.07
7.08
7.09
7.09
7.1
7.1
7.11
7.11
7.12
7.12
7.12
7.12
7.13
7.12
7.13
7.14
7.13
7.14
7.13
7.14
7.15
7.15
7.15
7.15
7.14
7.14
7.15
7.15
7.16
7.17
7.18
7.18
7.18
7.18
7.17
7.18
7.18
7.18
7.18
7.18
7.18
7.19
7.2
7.21
7.22
7.22
7.21
7.21
7.21
7.22
7.21
7.21
7.22
7.21
7.21
7.19
7.19
7.19
7.19
7.2
7.2
7.21
7.19
7.19
7.19
7.2
7.2
7.21
7.22
7.22
7.23
7.24
7.24
7.25
7.25
7.26
7.27
7.27
7.27
7.28
7.28
7.27
7.26
7.27
7.28
7.28
7.28
7.28
7.27
7.28
7.28
7.28
7.27
7.26
7.25
7.23
7.22
7.23
7.24
7.24
7.23
7.24
7.24
7.23
7.21
7.22
7.22
7.22
7.22
7.23
7.23
7.23
7.24
7.25
7.25
7.25
7.24
7.23
7.24
7.25
7.25
7.26
7.26
7.27
7.28
7.29
7.28
7.28
7.28
7.28
7.26
7.27
7.26
7.25
7.25
7.26
7.25
7.25
7.25
7.26
7.27
7.28
7.29
7.3
7.29
7.29
7.29
7.29
7.3
7.31
7.31
7.31
7.31
7.3
7.3
7.29
7.29
7.28
7.28
7.28
7.29
7.28
7.29
7.29
7.29
7.3
7.29
7.3
7.29
7.29
7.3
7.29
7.29
7.3
7.29
7.28
7.28
7.28
7.29
7.29
7.28
7.29
7.29
7.29
7.27
7.28
7.29
7.3
7.3
7.3
7.3
7.3
7.31
7.32
7.32
7.32
7.31
7.32
7.33
7.33
7.32
7.32
7.31
7.32
7.31
7.32
7.33
7.34
7.33
7.32
7.31
7.31
7.32
7.33
7.32
7.32
7.33
7.32
7.33
7.34
7.33
7.34
7.34
7.34
7.35
7.36
7.36
7.35
7.34
7.33
7.34
7.34
7.35
7.36
7.36
7.37
7.37
7.38
7.38
7.38
7.37
7.38
7.37
7.38
7.37
7.38
7.37
7.37
7.37
7.37
7.37
7.37
7.36
7.37
7.36
7.36
7.36
7.37
7.36
7.35
7.36
7.35
7.35
7.36
7.35
7.35
7.36
7.37
7.38
7.38
7.37
7.38
7.38
7.39
7.4
7.4
7.4
7.41
7.41
7.41
7.4
7.41
7.42
7.41
7.39
7.38
7.39
7.39
7.4
7.4
7.4
7.41
7.4
7.39
7.4
7.39
7.38
7.36
7.37
7.37
7.36
7.35
7.36
7.37
7.38
7.38
7.37
7.37
7.37
7.37
7.37
7.37
7.38
7.38
7.39
7.39
7.39
7.4
7.4
7.39
7.38
7.38
7.38
7.39
7.39
7.4
7.4
7.39
7.39
7.39
7.38
7.37
7.38
7.39
7.39
7.38
7.39
7.39
7.4
7.4
7.4
7.4
7.4
7.39
7.38
7.38
7.37
7.37
7.38
7.38
7.37
7.38
7.38
7.38
7.37
7.37
7.36
7.35
7.35
7.35
7.35
7.35
7.35
7.34
7.34
7.33
7.34
7.35
7.35
7.35
7.36
7.37
7.36
7.37
7.38
7.38
7.37
7.36
7.36
7.35
7.34
7.35
7.35
7.35
7.35
7.36
7.36
7.36
7.37
7.37
7.38
7.39
7.39
7.38
7.38
7.39
7.4
7.39
7.4
7.4
7.39
7.4
7.4
7.4
7.4
7.4
7.4
7.4
7.4
7.41
7.4
7.4
7.4
7.39
7.39
7.38
7.39
7.38
7.39
7.39
7.39
7.38
7.39
7.39
7.38
7.39
7.4
7.4
7.41
7.42
7.42
7.42
7.43
7.43
7.44
7.45
7.44
7.44
7.43
7.44
7.43
7.43
7.43
7.44
7.43
7.43
7.43
7.42
7.41
7.42
7.41
7.4
7.41
7.4
7.39
7.4
7.4
7.4
7.39
7.39
7.39
7.39
7.4
7.4
7.41
7.4
7.41
7.4
7.4
7.41
7.41
7.4
7.41
7.42
7.42
7.42
7.42
7.42
7.43
7.44
7.43
7.44
7.45
7.46
7.47
7.47
7.48
7.49
7.48
7.48
7.48
7.48
7.49
7.49
7.49
7.49
7.49
7.49
7.48
7.49
7.5
7.5
7.5
7.49
7.48
7.48
7.48
7.47
7.47
7.48
7.48
7.47
7.47
7.47
7.47
7.47
7.48
7.48
7.47
7.47
7.48
7.47
7.46
7.46
7.47
7.46
7.46
7.46
7.46
7.46
7.46
7.47
7.48
7.49
7.48
7.48
7.49
7.49
7.49
7.5
7.51
7.51
7.51
7.51
7.51
7.52
7.53
7.53
7.53
7.53
7.53
7.52
7.51
7.5
7.5
7.51
7.52
7.53
7.53
7.53
7.53
7.52
7.51
7.51
7.51
7.51
7.5
7.5
7.51
7.51
7.52
7.52
7.52
7.53
7.54
7.54
7.54
7.54
7.54
7.53
7.52
7.51
7.51
7.51
7.5
7.5
7.51
7.52
7.52
7.51
7.51
7.5
7.51
7.51
7.51
7.51
7.51
7.51
7.52
7.52
7.52
7.53
7.53
7.52
7.51
7.52
7.52
7.53
7.52
7.51
7.52
7.52
7.53
7.53
7.54
7.54
7.53
7.52
7.52
7.53
7.53
7.52
7.51
7.51
7.52
7.52
7.53
7.53
7.53
7.53
7.54
7.55
7.55
7.54
7.55
7.54
7.53
7.54
7.54
7.55
7.54
7.54
7.53
7.52
7.53
7.53
7.53
7.53
7.52
7.53
7.53
7.54
7.54
7.55
7.55
7.54
7.54
7.54
7.54
7.54
7.53
7.53
7.53
7.53
7.52
7.53
7.53
7.53
7.52
7.52
7.52
7.52
7.52
7.52
7.52
7.51
7.52
7.52
7.52
7.51
7.51
7.51
7.51
7.5
7.5
7.5
7.5
7.5
7.49
7.49
7.49
7.5
7.51
7.51
7.51
7.51
7.5
7.49
7.48
7.48
7.48
7.48
7.48
7.47
7.47
7.47
7.47
7.48
7.48
7.48
7.49
7.5
7.51
7.5
7.49
7.48
7.47
7.48
7.48
7.48
7.48
7.48
7.48
7.49
7.49
7.48
7.47
7.47
7.47
7.47
7.47
7.47
7.46
7.46
7.47
7.47
7.46
7.47
7.46
7.46
7.45
7.46
7.47
7.46
7.45
7.45
7.45
7.45
7.44
7.45
7.44
7.43
7.43
7.44
7.43
7.43
7.43
7.43
7.42
7.41
7.4
7.39
7.39
7.39
7.4
7.39
7.39
7.4
7.41
7.4
7.41
7.42
7.42
7.42
7.43
7.43
7.44
7.45
7.45
7.44
7.44
7.44
7.43
7.42
7.43
7.44
7.45
7.46
7.45
7.45
7.45
7.45
7.46
7.45
7.45
7.46
7.46
7.47
7.48
7.48
7.49
7.5
7.51
7.51
7.51
7.52
7.51
7.52
7.53
7.53
7.53
7.53
7.53
7.54
7.55
7.54
7.55
7.55
7.55
7.55
7.55
7.55
7.56
7.56
7.57
7.57
7.57
7.56
7.57
7.57
7.57
7.58
7.57
7.56
7.55
7.56
7.57
7.58
7.57
7.57
7.57
7.57
7.57
7.57
7.57
7.56
7.57
7.57
7.57
7.56
7.56
7.55
7.55
7.55
7.56
7.55
7.54
7.55
7.55
7.56
7.57
7.57
7.57
7.57
7.56
7.56
7.56
7.56
7.56
7.56
7.56
7.55
7.55
7.55
7.54
7.54
7.54
7.54
7.55
7.56
7.56
7.56
7.56
7.56
7.56
7.55
7.55
7.55
7.56
7.55
7.56
7.56
7.56
7.56
7.55
7.55
7.55
7.56
7.57
7.57
7.56
7.56
7.55
7.54
7.54
7.54
7.54
7.54
7.53
7.52
7.52
7.53
7.53
7.53
7.54
7.54
7.54
7.53
7.53
7.53
7.53
7.53
7.53
7.53
7.54
7.53
7.53
7.52
7.52
7.52
7.52
7.51
7.51
7.5
7.51
7.5
7.49
7.5
7.49
7.49
7.5
7.49
7.5
7.49
7.49
7.49
7.49
7.48
7.49
7.5
7.49
7.48
7.47
7.47
7.46
7.46
7.45
7.46
7.46
7.47
7.47
7.47
7.47
7.48
7.48
7.48
7.49
7.49
7.5
7.51
7.5
7.5
7.49
7.5
7.5
7.5
7.51
7.52
7.53
7.53
7.53
7.52
7.52
7.52
7.52
7.52
7.52
7.52
7.52
7.51
7.51
7.51
7.51
7.51
7.52
7.52
7.51
7.5
7.51
7.51
7.51
7.52
7.51
7.52
7.51
7.51
7.51
7.52
7.53
7.53
7.53
7.53
7.53
7.53
7.53
7.53
7.53
7.53
7.53
7.54
7.54
7.55
7.55
7.55
7.54
7.54
7.53
7.54
7.55
7.54
7.54
7.54
7.55
7.54
7.54
7.54
7.55
7.54
7.55
7.56
7.57
7.58
7.58
7.57
7.57
7.56
7.56
7.55
7.54
7.54
7.54
7.54
7.54
7.54
7.54
7.54
7.54
7.55
7.54
7.55
7.55
7.55
7.55
7.54
7.53
7.53
7.53
7.53
7.53
7.52
7.53
7.53
7.54
7.55
7.56
7.56
7.56
7.55
7.55
7.56
7.56
7.56
7.57
7.57
7.58
7.57
7.57
7.56
7.55
7.55
7.55
7.55
7.55
7.56
7.55
7.55
7.54
7.54
7.53
7.54
7.54
7.54
7.53
7.52
7.51
7.51
7.5
7.5
7.51
7.51
7.52
7.53
7.53
7.52
7.52
7.51
7.51
7.51
7.51
7.52
7.52
7.52
7.51
7.5
7.49
7.49
7.48
7.49
7.49
7.49
7.49
7.48
7.47
7.47
7.47
7.46
7.46
7.47
7.47
7.46
7.46
7.47
7.47
7.48
7.49
7.48
7.49
7.49
7.5
7.51
7.51
7.5
7.51
7.5
7.49
7.5
7.51
7.5
7.51
7.5
7.5
7.5
7.5
7.5
7.5
7.5
7.51
7.52
7.52
7.52
7.53
7.53
7.52
7.52
7.51
7.5
7.49
7.49
7.5
7.5
7.5
7.49
7.48
7.47
7.48
7.48
7.49
7.49
7.48
7.48
7.48
7.47
7.48
7.48
7.49
7.49
7.49
7.5
7.51
7.52
7.51
7.5
7.5
7.51
7.51
7.52
7.52
7.52
7.52
7.52
7.51
7.51
7.51
7.52
7.52
7.53
7.53
7.53
7.53
7.52
7.51
7.51
7.51
7.51
7.51
7.51
7.51
7.51
7.5
7.49
7.49
7.49
7.49
7.5
7.49
7.49
7.49
7.49
7.48
7.48
7.48
7.49
7.5
7.49
7.5
7.51
7.51
7.52
7.52
7.51
7.52
7.51
7.51
7.5
7.51
7.5
7.5
7.49
7.49
7.5
7.5
7.5
7.5
7.5
7.49
7.5
7.49
7.5
7.5
7.51
7.51
7.5
7.51
7.51
7.51
7.51
7.5
7.5
7.49
7.49
7.48
7.47
7.47
7.47
7.47
7.47
7.46
7.46
7.46
7.45
7.46
7.46
7.45
7.44
7.45
7.46
7.46
7.46
7.46
7.46
7.45
7.46
7.46
7.47
7.47
7.46
7.45
7.46
7.47
7.46
7.47
7.47
7.47
7.48
7.48
7.49
7.49
7.5
7.51
7.51
7.51
7.51
7.51
7.51
7.52
7.52
7.52
7.53
7.53
7.54
7.53
7.52
7.52
7.53
7.53
7.53
7.53
7.54
7.54
7.54
7.53
7.52
7.52
7.51
7.52
7.52
7.51
7.52
7.51
7.52
7.52
7.53
7.52
7.53
7.53
7.53
7.52
7.52
7.51
7.51
7.5
7.5
7.51
7.52
7.52
7.51
7.51
7.5
7.49
7.48
7.48
7.48
7.49
7.49
7.49
7.49
7.49
7.5
7.51
7.51
7.5
7.5
7.51
7.5
7.51
7.52
7.52
7.51
7.5
7.49
7.49
7.5
7.5
7.5
7.49
7.48
7.49
7.5
7.49
7.48
7.48
7.48
7.49
7.5
7.5
7.5
7.51
7.52
7.51
7.52
7.51
7.51
7.51
7.5
7.49
7.48
7.48
7.48
7.48
7.47
7.47
7.48
7.48
7.49
7.49
7.5
7.5
7.5
7.49
7.49
7.48
7.47
7.47
7.47
7.47
7.47
7.47
7.47
7.47
7.48
7.49
7.49
7.49
7.5
7.5
7.49
7.49
7.5
7.5
7.5
7.5
7.49
7.49
7.49
7.5
7.51
7.5
7.51
7.51
7.5
7.51
7.5
7.5
7.49
7.5
7.5
7.51
7.51
7.52
7.51
7.51
7.52
7.53
7.54
7.54
7.53
7.53
7.54
7.54
7.55
7.55
7.55
7.55
7.55
7.55
7.54
7.54
7.53
7.54
7.54
7.55
7.55
7.56
7.55
7.55
7.55
7.56
7.57
7.58
7.58
7.57
7.57
7.57
7.57
7.57
7.57
7.57
7.56
7.56
7.56
7.57
7.57
7.57
7.57
7.56
7.55
7.55
7.55
7.55
7.54
7.54
7.54
7.53
7.54
7.54
7.54
7.55
7.54
7.53
7.53
7.52
7.52
7.52
7.53
7.52
7.52
7.52
7.51
7.51
7.51
7.5
7.49
7.48
7.47
7.48
7.48
7.48
7.48
7.47
7.46
7.45
7.44
7.44
7.43
7.44
7.44
7.43
7.43
7.42
7.42
7.41
7.4
7.4
7.41
7.41
7.41
7.4
7.4
7.39
7.38
7.37
7.38
7.37
7.38
7.38
7.38
7.38
7.39
7.4
7.41
7.41
7.4
7.4
7.39
7.39
7.4
7.39
7.4
7.41
7.42
7.41
7.4
7.41
7.42
7.43
7.43
7.43
7.43
7.43
7.44
7.45
7.46
7.46
7.46
7.47
7.47
7.48
7.48
7.49
7.49
7.5
7.5
7.5
7.51
7.52
7.52
7.51
7.5
7.5
7.49
7.5
7.5
7.51
7.5
7.5
7.51
7.51
7.5
7.49
7.5
7.51
7.52
7.51
7.5
7.51
7.5
7.49
7.5
7.51
7.5
7.51
7.51
7.51
7.51
7.51
7.5
7.51
7.5
7.49
7.49
7.5
7.5
7.5
7.5
7.5
7.49
7.49
7.49
7.49
7.5
7.51
7.5
7.49
7.49
7.49
7.48
7.47
7.46
7.46
7.45
7.44
7.44
7.45
7.44
7.43
7.43
7.43
7.43
7.43
7.43
7.44
7.44
7.44
7.44
7.44
7.44
7.45
7.45
7.45
7.46
7.47
7.48
7.48
7.49
7.48
7.48
7.47
7.47
7.46
7.46
7.47
7.46
7.46
7.46
7.47
7.46
7.46
7.46
7.47
7.46
7.47
7.47
7.47
7.48
7.48
7.48
7.48
7.48
7.48
7.47
7.47
7.47
7.46
7.45
7.45
7.45
7.45
7.44
7.43
7.43
7.43
7.44
7.45
7.45
7.46
7.45
7.45
7.45
7.46
7.45
7.46
7.46
7.46
7.47
7.47
7.47
7.48
7.48
7.49
7.5
7.5
7.51
7.5
7.5
7.51
7.52
7.53
7.52
7.51
7.51
7.51
7.51
7.5
7.51
7.52
7.51
7.51
7.52
7.52
7.52
7.52
7.52
7.52
7.53
7.52
7.52
7.52
7.52
7.53
7.53
7.54
7.53
7.53
7.54
7.54
7.55
7.55
7.54
7.54
7.54
7.53
7.54
7.55
7.55
7.55
7.55
7.55
7.54
7.55
7.55
7.54
7.54
7.54
7.53
7.53
7.53
7.52
7.51
7.52
7.52
7.52
7.52
7.51
7.5
7.49
7.48
7.47
7.47
7.47
7.47
7.46
7.47
7.46
7.47
7.47
7.47
7.46
7.46
7.47
7.47
7.48
7.48
7.47
7.46
7.46
7.47
7.46
7.46
7.47
7.48
7.48
7.48
7.48
7.49
