4.48
4.53
4.56
4.48
4.5
4.52
4.55
4.57
4.56
4.55
4.54
4.61
4.62
4.55
4.61
4.59
4.59
4.58
4.67
4.6
4.55
4.56
4.58
4.59
4.55
4.59
4.5
4.48
4.52
4.51
4.55
4.59
4.65
4.65
4.66
4.66
4.7
4.66
4.62
4.6
4.56
4.6
4.62
4.66
4.67
4.68
4.71
4.72
4.8
4.85
4.83
4.77
4.72
4.72
4.77
4.83
4.89
4.85
4.87
4.89
4.9
4.87
4.86
4.88
4.84
4.84
4.81
4.84
4.86
4.85
4.88
4.85
4.91
4.83
4.82
4.78
4.76
4.75
4.7
4.66
4.63
4.61
4.62
4.58
4.6
4.56
4.59
4.65
4.64
4.64
4.65
4.62
4.64
4.64
4.63
4.59
4.62
4.66
4.64
4.62
4.58
4.65
4.63
4.66
4.69
4.72
4.72
4.74
4.69
4.72
4.67
4.67
4.63
4.6
4.62
4.58
4.59
4.68
4.67
4.65
4.66
4.62
4.6
4.59
4.62
4.6
4.61
4.64
4.66
4.65
4.61
4.56
4.48
4.47
4.46
4.45
4.47
4.5
4.5
4.51
4.51
4.44
4.43
4.42
4.37
4.35
4.28
4.33
4.37
4.42
4.42
4.36
4.42
4.41
4.44
4.45
4.49
4.45
4.37
4.41
4.39
4.38
4.37
4.33
4.31
4.25
4.24
4.22
4.24
4.25
4.28
4.3
4.29
4.33
4.34
4.36
4.36
4.42
4.46
4.51
4.54
4.55
4.58
4.6
4.6
4.57
4.64
4.71
4.68
4.64
4.72
4.74
4.78
4.83
4.82
4.84
4.83
4.84
4.85
4.81
4.81
4.76
4.72
4.74
4.75
4.74
4.7
4.69
4.72
4.63
4.59
4.59
4.63
4.66
4.73
4.75
4.81
4.75
4.74
4.72
4.73
4.73
4.75
4.76
4.72
4.71
4.66
4.67
4.69
4.68
4.66
4.59
4.63
4.59
4.63
4.61
4.6
4.64
4.63
4.59
4.65
4.6
4.64
4.66
4.63
4.64
4.7
4.69
4.62
4.6
4.59
4.54
4.6
4.61
4.61
4.66
4.65
4.6
4.63
4.6
4.67
4.69
4.7
4.77
4.74
4.72
4.7
4.65
4.65
4.61
4.56
4.6
4.57
4.57
4.57
4.55
4.53
4.48
4.49
4.47
4.5
4.54
4.54
4.53
4.48
4.49
4.52
4.54
4.53
4.54
4.55
4.57
4.51
4.57
4.54
4.55
4.54
4.55
4.53
4.51
4.49
4.49
4.5
4.55
4.51
4.51
4.52
4.5
4.52
4.61
4.69
4.72
4.74
4.73
4.73
4.75
4.75
4.79
4.75
4.7
4.73
4.78
4.82
4.83
4.89
4.85
4.8
4.73
4.79
4.8
4.8
4.74
4.78
4.71
4.75
4.81
4.8
4.75
4.76
4.74
4.74
4.79
4.75
4.75
4.78
4.8
4.83
4.89
4.94
4.94
4.89
4.85
4.83
4.79
4.78
4.77
4.75
4.71
4.69
4.7
4.68
4.7
4.7
4.69
4.65
4.66
4.63
4.56
4.54
4.53
4.56
4.56
4.53
4.62
4.59
4.61
4.62
4.6
4.6
4.6
4.57
4.48
4.51
4.53
4.49
4.48
4.46
4.43
4.48
4.5
4.51
4.5
4.41
4.43
4.47
4.54
4.52
4.54
4.48
4.44
4.53
4.53
4.59
4.6
4.58
4.56
4.56
4.54
4.62
4.64
4.59
4.6
4.57
4.55
4.6
4.63
4.65
4.68
4.72
4.77
4.73
4.76
4.78
4.78
4.82
4.82
4.82
4.81
4.81
4.85
4.85
4.8
4.73
4.72
4.76
4.76
4.77
4.79
4.8
4.77
4.76
4.71
4.72
4.71
4.71
4.71
4.71
4.7
4.74
4.74
4.73
4.76
4.73
4.78
4.77
4.82
4.86
4.85
4.86
4.86
4.9
4.93
4.96
4.98
5.02
4.99
4.99
4.95
4.96
4.96
4.98
4.99
4.98
4.97
4.97
4.96
4.98
4.97
4.97
5.04
5.08
5.05
5.03
5.09
5.05
5.1
5.14
5.09
5.1
5.14
5.13
5.08
5.11
5.09
5.13
5.13
5.12
5.17
5.19
5.18
5.16
5.15
5.17
5.18
5.17
5.13
5.06
5.02
5.02
4.99
4.98
5.03
4.98
4.89
4.92
4.95
4.94
4.93
4.91
4.89
4.88
4.83
4.88
4.91
4.89
4.91
4.95
4.9
4.95
4.94
4.89
4.9
4.9
4.91
4.88
4.93
5.0
4.95
4.94
4.89
4.89
4.87
4.88
4.88
4.83
4.85
4.83
4.82
4.89
4.9
4.86
4.9
4.91
4.9
4.87
4.91
4.94
4.95
4.94
4.95
4.95
4.91
4.84
4.84
4.83
4.84
4.79
4.79
4.79
4.81
4.86
4.9
4.91
4.94
4.95
4.92
4.88
4.83
4.78
4.76
4.74
4.73
4.73
4.74
4.73
4.68
4.62
4.64
4.65
4.65
4.68
4.63
4.61
4.59
4.6
4.68
4.65
4.63
4.66
4.67
4.68
4.69
4.7
4.72
4.71
4.68
4.72
4.75
4.71
4.68
4.73
4.67
4.66
4.69
4.67
4.68
4.61
4.61
4.61
4.65
4.62
4.67
4.63
4.61
4.57
4.61
4.57
4.56
4.55
4.55
4.53
4.51
4.51
4.51
4.49
4.48
4.46
4.44
4.43
4.49
4.48
4.4
4.43
4.48
4.48
4.47
4.41
4.42
4.39
4.4
4.39
4.35
4.32
4.29
4.3
4.26
4.31
4.35
4.39
4.34
4.39
4.44
4.43
4.41
4.45
4.46
4.47
4.46
4.44
4.44
4.43
4.42
4.42
4.39
4.46
4.4
4.41
4.43
4.41
4.37
4.39
4.45
4.44
4.49
4.49
4.52
4.5
4.44
4.51
4.51
4.53
4.54
4.55
4.49
4.52
4.53
4.55
4.57
4.57
4.56
4.56
4.58
4.6
4.57
4.62
4.61
4.59
4.55
4.59
4.61
4.61
4.62
4.58
4.56
4.61
4.61
4.64
4.67
4.66
4.67
4.65
4.68
4.64
4.64
4.66
4.66
4.67
4.72
4.63
4.59
4.56
4.6
4.58
4.61
4.63
4.72
4.67
4.72
4.75
4.81
4.87
4.83
4.82
4.82
4.91
4.9
4.92
4.9
4.91
4.89
4.91
4.91
4.9
4.89
4.88
4.88
4.9
4.89
4.86
4.87
4.89
4.88
4.87
4.9
4.9
4.94
4.89
4.86
4.85
4.83
4.78
4.83
4.85
4.88
4.85
4.87
4.81
4.79
4.73
4.75
4.74
4.81
4.8
4.78
4.81
4.83
4.86
4.86
4.85
4.83
4.8
4.77
4.77
4.73
4.68
4.67
4.68
4.7
4.65
4.67
4.68
4.68
4.67
4.64
4.69
4.67
4.66
4.66
4.63
4.65
4.6
4.62
4.61
4.59
4.59
4.56
4.56
4.57
4.51
4.56
4.57
4.59
4.58
4.55
4.51
4.49
4.55
4.59
4.64
4.64
4.61
4.59
4.61
4.62
4.61
4.61
4.63
4.6
4.65
4.69
4.67
4.71
4.8
4.76
4.85
4.85
4.86
4.8
4.8
4.81
4.76
4.76
4.8
4.81
4.8
4.74
4.74
4.7
4.7
4.72
4.67
4.68
4.63
4.63
4.67
4.65
4.73
4.73
4.67
4.64
4.64
4.6
4.62
4.62
4.6
4.65
4.65
4.62
4.61
4.66
4.62
4.56
4.5
4.5
4.55
4.53
4.48
4.49
4.49
4.54
4.49
4.51
4.53
4.52
4.53
4.49
4.54
4.58
4.59
4.6
4.56
4.61
4.6
4.6
4.59
4.66
4.62
4.65
4.68
4.72
4.72
4.68
4.67
4.66
4.68
4.7
4.65
4.65
4.61
4.61
4.64
4.64
4.58
4.6
4.64
4.59
4.63
4.64
4.64
4.68
4.74
4.73
4.69
4.71
4.72
4.72
4.64
4.62
4.57
4.62
4.55
4.55
4.6
4.6
4.66
4.65
4.68
4.64
4.64
4.67
4.61
4.62
4.62
4.63
4.63
4.71
4.69
4.69
4.66
4.7
4.74
4.73
4.78
4.78
4.83
4.85
4.85
4.85
4.82
4.8
4.79
4.84
4.87
4.85
4.85
4.81
4.8
4.8
4.85
4.85
4.82
4.82
4.83
4.85
4.86
4.85
4.84
4.88
4.93
4.89
4.9
4.91
4.87
4.88
4.89
4.92
4.96
4.96
4.95
4.93
4.94
4.94
4.95
4.96
4.99
4.98
4.95
4.86
4.87
4.82
4.84
4.76
4.76
4.74
4.76
4.71
4.72
4.81
4.81
4.83
4.81
4.78
4.75
4.79
4.77
4.75
4.69
4.69
4.76
4.74
4.74
4.77
4.75
4.8
4.79
4.86
4.83
4.87
4.92
4.95
4.98
4.99
5.07
5.16
5.18
5.19
5.19
5.2
5.22
5.18
5.2
5.2
5.2
5.19
5.23
5.21
5.23
5.27
5.26
5.26
5.32
5.25
5.26
5.26
5.21
5.24
5.2
5.26
5.24
5.25
5.22
5.19
5.19
5.19
5.22
5.16
5.12
5.11
5.12
5.14
5.1
5.09
5.09
5.14
5.07
5.07
5.07
5.06
5.01
5.0
5.0
5.0
4.92
4.89
4.9
4.9
4.85
4.83
4.87
4.92
4.98
4.93
4.98
4.95
4.98
4.98
5.03
5.01
4.99
5.03
5.04
5.03
5.01
5.03
5.09
5.05
4.96
4.91
4.94
4.93
4.87
4.82
4.83
4.85
4.89
4.89
4.87
4.86
4.87
4.82
4.8
4.83
4.86
4.83
4.84
4.84
4.84
4.86
4.91
4.89
4.88
4.85
4.8
4.82
4.82
4.85
4.86
4.93
4.9
4.91
4.86
4.84
4.86
4.9
4.9
4.93
4.95
4.91
4.86
4.93
4.99
5.03
4.97
4.91
4.98
4.98
4.97
5.02
5.05
5.01
4.97
5.0
5.0
5.0
5.0
5.05
5.07
5.08
5.12
5.14
5.14
5.14
5.12
5.11
5.14
5.08
5.13
5.08
5.03
5.05
5.07
5.07
5.04
5.06
5.09
5.07
5.09
5.1
5.13
5.11
5.09
5.08
5.1
5.1
5.15
5.15
5.12
5.08
5.07
5.03
4.94
4.94
4.89
4.93
4.88
4.84
4.75
4.81
4.84
4.78
4.85
4.83
4.84
4.88
4.89
4.88
4.83
4.78
4.83
4.84
4.84
4.82
4.75
4.8
4.82
4.77
4.8
4.81
4.81
4.8
4.83
4.78
4.77
4.77
4.83
4.83
4.86
4.85
4.84
4.85
4.86
4.91
4.88
4.85
4.85
4.85
4.82
4.81
4.84
4.79
4.74
4.73
4.73
4.72
4.74
4.69
4.67
4.69
4.7
4.74
4.73
4.73
4.69
4.69
4.7
4.71
4.7
4.64
4.67
4.71
4.77
4.81
4.81
4.81
4.78
4.87
4.91
4.92
4.92
4.93
4.91
4.88
4.82
4.83
4.85
4.84
4.83
4.88
4.93
4.93
4.96
4.9
4.94
4.94
4.92
4.94
4.96
4.95
4.96
4.96
4.98
5.0
4.93
4.95
4.93
4.89
4.89
4.9
4.89
4.86
4.86
4.9
4.91
4.95
5.01
5.01
5.0
4.97
4.98
4.94
4.97
4.96
5.0
5.05
5.09
5.08
5.05
5.02
5.05
5.05
5.03
5.02
5.01
4.96
4.91
4.93
4.91
4.94
4.93
4.93
4.9
4.92
4.92
4.93
4.89
4.9
4.91
4.94
4.9
4.9
4.88
4.82
4.82
4.88
4.85
4.85
4.81
4.73
4.77
4.75
4.78
4.77
4.79
4.78
4.81
4.81
4.88
4.88
4.87
4.83
4.82
4.77
4.72
4.81
4.86
4.85
4.87
4.92
4.9
4.93
4.91
4.88
4.89
4.92
4.92
4.91
4.93
4.94
4.94
4.94
4.87
4.85
4.86
4.85
4.81
4.85
4.84
4.92
4.92
4.88
4.89
4.98
4.94
4.96
4.97
4.93
4.91
4.95
4.93
4.91
4.86
4.87
4.91
4.86
4.83
4.84
4.84
4.79
4.75
4.76
4.67
4.64
4.66
4.63
4.59
4.67
4.69
4.68
4.65
4.64
4.69
4.7
4.67
4.67
4.66
4.63
4.61
4.64
4.66
4.67
4.66
4.66
4.65
4.7
4.72
4.77
4.82
4.83
4.82
4.77
4.8
4.8
4.74
4.72
4.73
4.75
4.68
4.66
4.67
4.73
4.71
4.68
4.71
4.68
4.73
4.73
4.7
4.69
4.74
4.75
4.71
4.73
4.74
4.7
4.68
4.68
4.64
4.63
4.63
4.64
4.68
4.71
4.62
4.65
4.67
4.66
4.66
4.7
4.73
4.71
4.64
4.64
4.66
4.67
4.64
4.64
4.65
4.63
4.64
4.67
4.68
4.63
4.61
4.62
4.59
4.6
4.61
4.58
4.62
4.67
4.67
4.71
4.71
4.72
4.67
4.67
4.69
4.7
4.67
4.63
4.66
4.66
4.66
4.67
4.64
4.59
4.59
4.59
4.59
4.63
4.64
4.65
4.64
4.69
4.63
4.59
4.62
4.6
4.64
4.66
4.66
4.65
4.72
4.67
4.62
4.67
4.65
4.68
4.71
4.7
4.7
4.71
4.72
4.68
4.63
4.63
4.63
4.61
4.56
4.53
4.51
4.5
4.52
4.57
4.52
4.46
4.42
4.36
4.4
4.37
4.29
4.3
4.28
4.3
4.3
4.29
4.28
4.31
4.31
4.28
4.26
4.25
4.27
4.26
4.24
4.2
4.22
4.13
4.19
4.2
4.16
4.16
4.15
4.15
4.16
4.18
4.15
4.15
4.16
4.21
4.17
4.17
4.12
4.08
4.08
4.1
4.05
3.99
4.0
4.05
4.09
4.08
4.11
4.17
4.17
4.15
4.15
4.15
4.1
4.07
4.11
4.08
4.08
4.06
4.09
4.14
4.13
4.11
4.13
4.14
4.11
4.15
4.19
4.18
4.21
4.16
4.17
4.17
4.12
4.11
4.12
4.11
4.15
4.14
4.11
4.06
4.04
4.04
4.0
4.05
4.11
4.13
4.12
4.16
4.15
4.16
4.22
4.19
4.19
4.25
4.29
4.37
4.39
4.39
4.4
4.34
4.35
4.36
4.36
4.36
4.43
4.43
4.43
4.47
4.47
4.46
4.43
4.42
4.46
4.44
4.4
4.39
4.44
4.47
4.47
4.53
4.54
4.51
4.54
4.49
4.48
4.49
4.5
4.54
4.56
4.65
4.69
4.78
4.75
4.74
4.79
4.76
4.73
4.75
4.76
4.73
4.77
4.86
4.86
4.9
4.81
4.76
4.71
4.7
4.76
4.79
4.78
4.8
4.8
4.83
4.81
4.85
4.83
4.85
4.85
4.79
4.82
4.84
4.85
4.92
4.93
4.89
4.91
4.88
4.92
4.89
4.87
4.9
4.89
4.84
4.84
4.91
4.9
4.91
4.87
4.9
4.95
4.95
4.93
4.95
4.95
5.04
5.05
5.04
4.98
5.01
4.98
4.93
4.93
4.93
4.93
4.87
4.84
4.93
4.94
4.92
4.91
4.92
4.87
4.92
4.95
4.92
4.88
4.91
4.97
4.94
4.94
4.95
4.94
4.94
4.94
4.96
4.95
4.92
4.94
4.87
4.91
4.92
4.98
4.98
4.97
5.04
5.02
5.01
4.92
4.95
4.96
4.97
4.97
4.92
4.86
4.83
4.78
4.72
4.67
4.68
4.69
4.66
4.64
4.61
4.58
4.62
4.63
4.72
4.69
4.64
4.62
4.64
4.62
4.58
4.6
4.63
4.69
4.69
4.67
4.65
4.66
4.67
4.64
4.57
4.65
4.62
4.64
4.73
4.78
4.8
4.85
4.81
4.83
4.85
4.86
4.85
4.83
4.86
4.81
4.81
4.77
4.8
4.77
4.72
4.69
4.72
4.72
4.68
4.69
4.68
4.68
4.68
4.66
4.69
4.63
4.65
4.62
4.61
4.58
4.53
4.52
4.54
4.53
4.55
4.54
4.54
4.49
4.4
4.4
4.36
4.38
4.42
4.48
4.5
4.5
4.44
4.44
4.41
4.41
4.41
4.45
4.43
4.48
4.5
4.49
4.48
4.45
4.5
4.51
4.52
4.51
4.5
4.5
4.49
4.48
4.48
4.46
4.44
4.48
4.44
4.44
4.37
4.41
4.38
4.37
4.4
4.44
4.44
4.47
4.53
4.57
4.66
4.64
4.69
4.71
4.68
4.69
4.66
4.7
4.71
4.76
4.81
4.81
4.82
4.74
4.73
4.72
4.74
4.76
4.75
4.71
4.74
4.79
4.79
4.78
4.76
4.81
4.85
4.82
4.79
4.79
4.77
4.78
4.76
4.71
4.72
4.76
4.77
4.77
4.77
4.71
4.8
4.77
4.79
4.81
4.83
4.82
4.78
4.75
4.72
4.7
4.72
4.65
4.67
4.71
4.75
4.77
4.75
4.8
4.78
4.76
4.79
4.85
4.78
4.82
4.84
4.86
4.9
4.84
4.82
4.81
4.81
4.84
4.79
4.74
4.75
4.71
4.73
4.7
4.74
4.74
4.75
4.75
4.75
4.7
4.71
4.76
4.73
4.78
4.81
4.84
4.81
4.86
4.85
4.84
4.84
4.81
4.81
4.85
4.85
4.8
4.83
4.8
4.8
4.77
4.74
4.7
4.65
4.6
4.61
4.7
4.72
4.74
4.7
4.73
4.74
4.73
4.77
4.73
4.66
4.61
4.57
4.52
4.5
4.41
4.4
4.35
4.35
4.41
4.43
4.41
4.45
4.48
4.54
4.53
4.48
4.47
4.49
4.52
4.57
4.51
4.46
4.47
4.5
4.47
4.45
4.44
4.39
4.42
4.44
4.48
4.43
4.43
4.45
4.46
4.46
4.45
4.52
4.54
4.45
4.4
4.36
4.37
4.37
4.37
4.36
4.33
4.36
4.31
4.32
4.36
4.42
4.46
4.46
4.47
4.48
4.46
4.54
4.51
4.57
4.55
4.53
4.51
4.49
4.54
4.5
4.55
4.59
4.63
4.62
4.66
4.7
4.69
4.67
4.7
4.68
4.67
4.67
4.63
4.67
4.63
4.62
4.6
4.64
4.58
4.6
4.59
4.62
4.66
4.66
4.69
4.7
4.7
4.67
4.69
4.75
4.84
4.82
4.8
4.8
4.79
4.78
4.74
4.72
4.7
4.68
4.69
4.72
4.73
4.75
4.71
4.71
4.68
4.76
4.76
4.75
4.74
4.76
4.76
4.69
4.7
4.65
4.7
4.68
4.74
4.75
4.8
4.78
4.77
4.82
4.75
4.75
4.74
4.76
4.76
4.76
4.72
4.7
4.73
4.77
4.75
4.74
4.75
4.7
4.74
4.77
4.81
4.89
4.88
4.88
4.88
4.85
4.87
4.87
4.89
4.84
4.86
4.82
4.83
4.83
4.84
4.9
4.91
4.91
4.91
4.87
4.88
4.84
4.93
4.97
5.01
5.02
5.04
5.05
5.04
4.99
4.99
5.03
5.02
5.02
5.03
5.0
5.05
5.05
5.06
5.04
5.01
5.05
5.09
5.06
5.03
5.09
5.11
5.11
5.1
5.1
5.07
5.1
5.05
5.04
5.06
5.06
5.04
5.05
5.1
5.15
5.15
5.11
5.13
5.13
5.11
5.17
5.11
5.13
5.09
5.06
5.02
5.05
5.04
5.03
5.04
5.02
5.02
4.99
5.01
4.97
4.99
4.97
4.97
5.01
4.99
5.01
4.99
4.95
4.97
4.94
4.99
5.01
4.98
4.96
4.97
4.96
4.97
4.96
5.02
5.07
5.11
5.12
5.1
5.09
5.04
5.05
5.03
5.09
5.06
5.04
5.0
4.95
4.94
4.89
4.8
4.78
4.81
4.83
4.88
4.91
4.87
4.84
4.81
4.78
4.79
4.77
4.75
4.72
4.73
4.75
4.81
4.83
4.82
4.81
4.86
4.87
4.9
4.86
4.9
4.87
4.88
4.92
4.92
4.94
4.9
4.95
4.94
4.99
4.99
5.0
4.99
4.94
4.99
4.97
4.98
4.98
4.98
4.99
4.94
4.92
4.88
4.95
4.86
4.84
4.9
4.93
4.97
4.97
5.0
5.03
4.99
5.04
5.0
4.95
4.94
4.93
4.93
4.84
4.8
4.85
4.84
4.89
4.9
4.91
4.89
4.92
4.93
4.89
4.92
4.86
4.85
4.86
4.9
4.92
4.91
4.92
4.93
4.93
4.97
4.91
4.9
4.89
4.85
4.85
4.81
4.79
4.75
4.79
4.8
4.76
4.81
4.86
4.89
4.85
4.82
4.8
4.81
4.85
4.82
4.77
4.78
4.77
4.8
4.74
4.73
4.78
4.71
4.7
4.74
4.77
4.72
4.71
4.74
4.75
4.71
4.73
4.73
4.64
4.63
4.65
4.67
4.73
4.74
4.77
4.79
4.83
4.81
4.83
4.8
4.81
4.78
4.78
4.76
4.81
4.81
4.77
4.76
4.71
4.69
4.69
4.7
4.65
4.65
4.64
4.65
4.64
4.62
4.62
4.64
4.65
4.66
4.66
4.61
4.58
4.61
4.6
4.56
4.61
4.63
4.63
4.67
4.68
4.77
4.8
4.8
4.78
4.73
4.76
4.73
4.75
4.77
4.77
4.78
4.72
4.73
4.68
4.68
4.66
4.66
4.58
4.59
4.52
4.52
4.54
4.54
4.5
4.49
4.5
4.51
4.49
4.45
4.47
4.52
4.54
4.59
4.61
4.58
4.6
4.56
4.56
4.54
4.56
4.56
4.64
4.63
4.65
4.67
4.66
4.66
4.57
4.65
4.69
4.7
4.74
4.7
4.73
4.76
4.77
4.81
4.84
4.86
4.87
4.87
4.88
4.88
4.86
4.83
4.82
4.81
4.81
4.86
4.85
4.86
4.83
4.82
4.82
4.87
4.92
4.94
4.95
4.99
5.0
5.02
4.97
4.95
4.94
4.89
4.9
4.93
4.92
4.92
4.95
4.95
4.94
4.93
4.97
4.95
4.93
4.92
4.93
4.92
4.87
4.82
4.81
4.81
4.79
4.81
4.81
4.81
4.81
4.77
4.76
4.74
4.73
4.77
4.77
4.73
4.68
4.65
4.61
4.61
4.6
4.59
4.62
4.63
4.56
4.54
4.57
4.52
4.46
4.46
4.42
4.41
4.39
4.4
4.49
4.53
4.57
4.56
4.56
4.58
4.58
4.53
4.54
4.47
4.38
4.41
4.41
4.41
4.43
4.4
4.36
4.37
4.32
4.3
4.28
4.22
4.26
4.24
4.29
4.33
4.34
4.39
4.43
4.48
4.42
4.45
4.42
4.36
4.39
4.44
4.48
4.5
4.49
4.47
4.49
4.47
4.43
4.43
4.49
4.48
4.47
4.48
4.48
4.48
4.49
4.55
4.55
4.51
4.5
4.51
4.57
4.55
4.52
4.47
4.52
4.57
4.6
4.55
4.53
4.54
4.49
4.46
4.46
4.41
4.39
4.44
4.45
4.48
4.49
4.49
4.49
4.5
4.49
4.48
4.53
4.51
4.49
4.53
4.52
4.57
4.61
4.59
4.53
4.52
4.56
4.54
4.54
4.55
4.57
4.51
4.52
4.53
4.53
4.49
4.5
4.51
4.49
4.52
4.51
4.49
4.5
4.49
4.48
4.47
4.44
4.47
4.47
4.45
4.47
4.46
4.42
4.39
4.42
4.41
4.43
4.48
4.49
4.47
4.44
4.43
4.37
4.39
4.33
4.35
4.39
4.4
4.37
4.41
4.41
4.37
4.34
4.29
4.27
4.27
4.26
4.24
4.3
4.31
4.32
4.33
4.35
4.35
4.38
4.38
4.36
4.33
4.34
4.34
4.29
4.27
4.3
4.29
4.26
4.28
4.32
4.34
4.34
4.29
4.26
4.27
4.29
4.27
4.24
4.27
4.28
4.31
4.34
4.35
4.34
4.39
4.36
4.37
4.35
4.35
4.39
4.43
4.41
4.39
4.41
4.45
4.49
4.48
4.49
4.58
4.58
4.61
4.59
4.63
4.64
4.63
4.63
4.59
4.57
4.57
4.57
4.66
4.7
4.75
4.74
4.7
4.66
4.7
4.72
4.72
4.77
4.76
4.78
4.73
4.78
4.77
4.74
4.74
4.76
4.75
4.76
4.71
4.68
4.66
4.7
4.73
4.69
4.65
4.62
4.61
4.66
4.63
4.57
4.55
4.54
4.59
4.66
4.63
4.67
4.66
4.62
4.57
4.57
4.62
4.63
4.72
4.74
4.78
4.77
4.75
4.76
4.73
4.73
4.73
4.74
4.75
4.75
4.74
4.71
4.74
4.71
4.7
4.69
4.71
4.69
4.71
4.68
4.64
4.62
4.61
4.66
4.66
4.6
4.65
4.65
4.7
4.71
4.7
4.72
4.67
4.58
4.59
4.59
4.59
4.61
4.69
4.69
4.72
4.73
4.74
4.78
4.83
4.79
4.71
4.72
4.72
4.76
4.78
4.79
4.82
4.81
4.82
4.89
4.89
4.84
4.82
4.81
4.79
4.81
4.86
4.85
4.89
4.92
4.91
4.9
4.91
4.9
4.89
4.88
4.84
4.9
4.88
4.88
4.88
4.87
4.91
4.9
4.94
4.96
4.96
4.95
4.91
4.93
4.89
4.9
4.88
4.81
4.81
4.84
4.8
4.8
4.78
4.78
4.74
4.75
4.74
4.73
4.65
4.64
4.63
4.63
4.6
4.63
4.65
4.65
4.62
4.7
4.72
4.72
4.68
4.69
4.69
4.69
4.69
4.68
4.71
4.75
4.69
4.67
4.7
4.67
4.69
4.72
4.76
4.74
4.81
4.81
4.84
4.79
4.79
4.8
4.8
4.85
4.86
4.89
4.84
4.82
4.8
4.79
4.84
4.8
4.76
4.79
4.76
4.73
4.73
4.7
4.69
4.68
4.72
4.69
4.66
4.68
4.7
4.77
4.74
4.74
4.77
4.83
4.83
4.78
4.81
4.83
4.83
4.77
4.74
4.67
4.67
4.73
4.76
4.75
4.68
4.68
4.67
4.68
4.67
4.66
4.68
4.72
4.78
4.74
4.78
4.76
4.73
4.74
4.76
4.72
4.68
4.66
4.63
4.59
4.59
4.6
4.65
4.56
4.6
4.57
4.56
4.54
4.54
4.52
4.47
4.49
4.44
4.41
4.4
4.45
4.42
4.42
4.42
4.46
4.41
4.43
4.4
4.4
4.42
4.45
4.44
4.45
4.48
4.44
4.44
4.42
4.37
4.35
4.36
4.37
4.38
4.32
4.28
4.3
4.35
4.35
4.44
4.44
4.43
4.46
4.47
4.51
4.46
4.43
4.36
4.36
4.35
4.39
4.39
4.44
4.41
4.36
4.33
4.36
4.34
4.34
4.34
4.38
4.37
4.34
4.34
4.33
4.38
4.3
4.33
4.31
4.25
4.23
4.24
4.24
4.26
4.23
4.21
4.16
4.21
4.21
4.18
4.17
4.21
4.24
4.25
4.25
4.25
4.24
4.22
4.24
4.27
4.3
4.29
4.28
4.24
4.22
4.29
4.32
4.41
4.48
4.5
4.52
4.48
4.42
4.39
4.42
4.39
4.33
4.38
4.39
4.41
4.41
4.45
4.42
4.42
4.45
4.44
4.45
4.45
4.46
4.37
4.29
4.32
4.38
4.4
4.43
4.46
4.47
4.46
4.51
4.49
4.48
4.52
4.61
4.64
4.65
4.57
4.58
4.58
4.61
4.62
4.67
4.72
4.72
4.71
4.77
4.79
4.75
4.84
4.86
4.86
4.83
4.85
4.88
4.83
4.82
4.84
4.82
4.81
4.8
4.8
4.77
4.77
4.77
4.77
4.82
4.77
4.72
4.66
4.72
4.74
4.76
4.74
4.7
4.77
4.77
4.72
4.76
4.75
4.73
4.71
4.67
4.65
4.61
4.64
4.64
4.65
4.69
4.69
4.72
4.72
4.73
4.79
4.8
4.79
4.84
4.8
4.77
4.76
4.76
4.78
4.76
4.81
4.81
4.82
4.77
4.75
4.73
4.72
4.69
4.68
4.69
4.65
4.63
4.63
4.67
4.72
4.76
4.76
4.79
4.77
4.75
4.73
4.67
4.68
4.66
4.62
4.61
4.58
4.56
4.57
4.6
4.56
4.56
4.57
4.57
4.59
4.65
4.68
4.68
4.63
4.65
4.7
4.71
4.69
4.62
4.57
4.52
4.48
4.49
4.44
4.46
4.42
4.49
4.51
4.55
4.61
4.61
4.68
4.73
4.78
4.8
4.75
4.76
4.77
4.74
4.73
4.71
4.74
4.78
4.82
4.8
4.82
4.85
4.83
4.8
4.77
4.79
4.74
4.74
4.71
4.74
4.75
4.8
4.8
4.8
4.76
4.74
4.72
4.73
4.75
4.78
4.78
4.8
4.75
4.75
4.75
4.77
4.83
4.79
4.82
4.84
4.8
4.83
4.83
4.78
4.78
4.76
4.74
4.74
4.69
4.64
4.66
4.66
4.61
4.55
4.53
4.54
4.57
4.59
4.59
4.59
4.58
4.58
4.58
4.55
4.54
4.52
4.5
4.52
4.58
4.56
4.61
4.67
4.65
4.65
4.67
4.72
4.75
4.77
4.75
4.73
4.71
4.71
4.68
4.7
4.73
4.78
4.79
4.84
4.85
4.8
4.78
4.83
4.75
4.76
4.76
4.78
4.78
4.85
4.8
4.77
4.77
4.86
4.86
4.88
4.88
4.88
4.87
4.85
4.92
4.95
4.95
4.95
4.97
4.99
4.94
4.93
4.87
4.84
4.84
4.79
4.7
4.64
4.64
4.58
4.56
4.65
4.74
4.75
4.7
4.76
4.72
4.64
4.65
4.69
4.66
4.66
4.66
4.71
4.7
4.68
4.64
4.62
4.6
4.59
4.58
4.58
4.57
4.52
4.53
4.57
4.56
4.59
4.54
4.56
4.48
4.49
4.49
4.45
4.42
4.42
4.43
4.43
4.42
4.41
4.33
4.35
4.37
4.33
4.35
4.35
4.33
4.3
4.32
4.31
4.31
4.32
4.29
4.34
4.35
4.32
4.36
4.38
4.35
4.31
4.31
4.28
4.27
4.29
4.32
4.28
4.34
4.34
4.26
4.3
4.31
4.31
4.31
4.4
4.39
4.36
4.4
4.45
4.45
4.45
4.39
4.38
4.41
4.43
4.47
4.48
4.5
4.5
4.53
4.58
4.55
4.62
4.62
4.64
4.61
4.64
4.68
4.72
4.76
4.71
4.76
4.75
4.76
4.73
4.76
4.74
4.7
4.69
4.68
4.71
4.74
4.71
4.74
4.68
4.71
4.64
4.55
4.63
4.62
