4.39
4.4
4.34
4.26
4.31
4.33
4.33
4.35
4.36
4.34
4.36
4.37
4.46
4.4
4.36
4.33
4.28
4.26
4.25
4.2
4.25
4.27
4.3
4.24
4.21
4.18
4.16
4.16
4.19
4.23
4.25
4.23
4.22
4.22
4.27
4.2
4.22
4.27
4.28
4.26
4.26
4.28
4.36
4.41
4.45
4.53
4.53
4.58
4.62
4.65
4.59
4.57
4.57
4.65
4.61
4.6
4.64
4.6
4.61
4.57
4.53
4.55
4.53
4.48
4.48
4.41
4.36
4.33
4.35
4.3
4.34
4.27
4.24
4.24
4.27
4.26
4.31
4.3
4.27
4.32
4.3
4.31
4.39
4.39
4.41
4.4
4.44
4.47
4.52
4.52
4.55
4.6
4.61
4.67
4.66
4.72
4.64
4.65
4.63
4.64
4.61
4.61
4.63
4.62
4.56
4.52
4.48
4.46
4.45
4.45
4.48
4.47
4.48
4.46
4.46
4.46
4.48
4.47
4.48
4.47
4.48
4.48
4.44
4.43
4.41
4.39
4.42
4.37
4.37
4.34
4.34
4.3
4.29
4.35
4.32
4.31
4.33
4.32
4.32
4.33
4.29
4.31
4.3
4.29
4.35
4.29
4.24
4.3
4.27
4.27
4.23
4.24
4.2
4.25
4.25
4.23
4.26
4.22
4.25
4.22
4.17
4.26
4.24
4.19
4.2
4.22
4.21
4.2
4.18
4.18
4.21
4.26
4.23
4.19
4.17
4.18
4.21
4.2
4.18
4.15
4.18
4.19
4.19
4.25
4.24
4.26
4.21
4.21
4.19
4.22
4.18
4.18
4.23
4.21
4.21
4.26
4.28
4.27
4.29
4.29
4.35
4.37
4.39
4.45
4.47
4.49
4.47
4.46
4.5
4.54
4.54
4.56
4.57
4.61
4.65
4.61
4.69
4.65
4.61
4.61
4.58
4.58
4.54
4.58
4.59
4.59
4.62
4.62
4.57
4.52
4.5
4.46
4.41
4.39
4.38
4.43
4.44
4.44
4.44
4.45
4.4
4.38
4.42
4.41
4.45
4.48
4.5
4.51
4.54
4.54
4.54
4.55
4.55
4.56
4.54
4.55
4.54
4.52
4.53
4.57
4.61
4.64
4.69
4.66
4.66
4.58
4.49
4.44
4.44
4.48
4.44
4.46
4.48
4.57
4.59
4.56
4.53
4.61
4.57
4.56
4.51
4.47
4.46
4.4
4.37
4.37
4.38
4.41
4.42
4.44
4.43
4.47
4.48
4.48
4.44
4.48
4.46
4.52
4.51
4.54
4.58
4.58
4.6
4.6
4.61
4.65
4.66
4.7
4.71
4.62
4.6
4.55
4.57
4.53
4.56
4.59
4.59
4.59
4.68
4.68
4.64
4.62
4.65
4.65
4.65
4.69
4.65
4.65
4.71
4.68
4.69
4.7
4.65
4.7
4.7
4.65
4.66
4.67
4.6
4.54
4.5
4.51
4.49
4.4
4.45
4.46
4.48
4.48
4.54
4.56
4.54
4.59
4.6
4.6
4.63
4.64
4.62
4.62
4.67
4.7
4.75
4.74
4.78
4.79
4.82
4.85
4.82
4.85
4.86
4.83
4.76
4.76
4.72
4.76
4.75
4.74
4.67
4.66
4.66
4.69
4.71
4.75
4.77
4.84
4.86
4.82
4.8
4.79
4.8
4.83
4.86
4.89
4.85
4.85
4.9
4.88
4.8
4.82
4.9
4.89
4.89
4.94
4.91
4.86
4.82
4.83
4.88
4.87
4.89
4.92
4.87
4.79
4.86
4.91
4.87
4.83
4.86
4.82
4.83
4.8
4.8
4.78
4.76
4.76
4.72
4.68
4.67
4.68
4.65
4.66
4.61
4.56
4.58
4.54
4.52
4.51
4.55
4.64
4.6
4.61
4.61
4.65
4.65
4.63
4.57
4.58
4.67
4.63
4.63
4.62
4.65
4.71
4.73
4.74
4.72
4.72
4.77
4.77
4.69
4.64
4.65
4.69
4.69
4.63
4.61
4.65
4.69
4.7
4.75
4.81
4.82
4.81
4.82
4.83
4.83
4.88
4.94
4.97
5.02
5.02
4.94
4.91
4.96
4.92
4.92
4.9
4.92
4.93
4.89
4.93
4.89
4.8
4.8
4.79
4.76
4.71
4.65
4.64
4.65
4.65
4.61
4.56
4.55
4.54
4.6
4.56
4.58
4.56
4.52
4.57
4.63
4.68
4.65
4.65
4.66
4.61
4.64
4.66
4.57
4.58
4.6
4.61
4.61
4.58
4.59
4.63
4.6
4.64
4.67
4.71
4.68
4.7
4.76
4.76
4.76
4.73
4.68
4.69
4.78
4.76
4.75
4.73
4.72
4.76
4.79
4.82
4.84
4.77
4.8
4.87
4.82
4.8
4.82
4.78
4.8
4.8
4.79
4.75
4.77
4.7
4.74
4.79
4.8
4.78
4.74
4.75
4.74
4.76
4.78
4.69
4.66
4.64
4.61
4.7
4.69
4.65
4.6
4.61
4.59
4.59
4.57
4.6
4.63
4.64
4.65
4.66
4.7
4.72
4.74
4.74
4.74
4.75
4.71
4.66
4.61
4.59
4.64
4.71
4.76
4.8
4.75
4.71
4.7
4.7
4.66
4.71
4.69
4.69
4.7
4.71
4.76
4.76
4.77
4.77
4.78
4.87
4.93
4.88
4.88
4.87
4.89
4.89
4.9
4.92
4.93
4.99
5.03
5.04
4.99
4.99
5.0
5.04
5.03
5.05
5.1
5.13
5.11
5.04
5.07
5.07
5.12
5.14
5.13
5.16
5.16
5.16
5.16
5.21
5.23
5.25
5.26
5.28
5.3
5.28
5.3
5.29
5.33
5.33
5.34
5.33
5.26
5.31
5.3
5.3
5.28
5.22
5.18
5.17
5.22
5.22
5.17
5.11
5.14
5.07
5.03
5.01
5.0
4.96
4.98
4.99
5.04
5.04
5.06
5.15
5.11
5.09
5.06
5.05
5.01
5.05
5.04
5.09
5.0
5.01
5.01
5.02
5.04
5.02
5.01
5.07
5.08
5.11
5.12
5.08
5.04
5.04
5.04
5.08
5.08
5.12
5.11
5.16
5.21
5.18
5.18
5.14
5.16
5.12
5.1
5.12
5.06
5.11
5.13
5.12
5.13
5.08
5.06
5.08
5.09
5.1
5.17
5.12
5.11
5.12
5.14
5.19
5.23
5.28
5.3
5.34
5.34
5.4
5.41
5.4
5.4
5.45
5.44
5.41
5.4
5.38
5.34
5.29
5.34
5.35
5.3
5.33
5.35
5.34
5.31
5.31
5.31
5.35
5.36
5.34
5.37
5.39
5.37
5.37
5.32
5.33
5.29
5.23
5.24
5.24
5.26
5.28
5.32
5.3
5.3
5.24
5.19
5.19
5.19
5.18
5.23
5.21
5.22
5.18
5.21
5.18
5.17
5.16
5.19
5.16
5.15
5.14
5.18
5.21
5.22
5.21
5.16
5.15
5.15
5.1
5.06
5.1
5.01
4.97
5.0
4.96
4.87
4.87
4.85
4.85
4.8
4.87
4.79
4.77
4.75
4.79
4.8
4.84
4.82
4.77
4.78
4.74
4.71
4.76
4.77
4.74
4.74
4.72
4.68
4.72
4.76
4.84
4.84
4.85
4.87
4.82
4.82
4.8
4.75
4.76
4.81
4.85
4.81
4.85
4.8
4.79
4.78
4.69
4.75
4.75
4.79
4.75
4.75
4.7
4.7
4.67
4.69
4.68
4.63
4.68
4.68
4.73
4.76
4.77
4.75
4.77
4.73
4.75
4.75
4.72
4.72
4.72
4.81
4.81
4.83
4.9
4.93
4.93
4.94
4.91
4.9
4.91
4.95
4.97
4.93
4.89
4.92
4.87
4.91
4.89
4.95
5.03
5.05
5.02
5.09
5.11
5.06
5.04
5.03
5.03
5.0
4.99
4.99
5.01
4.99
4.9
4.85
4.81
4.8
4.71
4.68
4.73
4.74
4.71
4.72
4.69
4.69
4.7
4.67
4.64
4.61
4.57
4.61
4.6
4.62
4.62
4.56
4.62
4.62
4.61
4.58
4.58
4.54
4.59
4.62
4.62
4.66
4.64
4.7
4.68
4.62
4.67
4.69
4.66
4.67
4.71
4.68
4.67
4.67
4.69
4.7
4.74
4.67
4.73
4.77
4.73
4.71
4.7
4.71
4.69
4.7
4.75
4.75
4.73
4.71
4.68
4.65
4.66
4.63
4.63
4.61
4.55
4.55
4.6
4.54
4.52
4.48
4.56
4.5
4.53
4.51
4.55
4.55
4.51
4.49
4.45
4.4
4.36
4.35
4.35
4.31
4.33
4.26
4.26
4.23
4.23
4.21
4.16
4.11
4.11
4.09
4.05
4.04
4.04
3.99
3.98
3.98
3.95
3.99
3.96
3.91
3.87
3.89
3.9
3.89
3.89
3.9
3.88
3.82
3.83
3.8
3.79
3.77
3.76
3.76
3.72
3.72
3.75
3.74
3.78
3.79
3.78
3.78
3.76
3.81
3.86
3.83
3.88
3.82
3.79
3.81
3.79
3.83
3.78
3.76
3.77
3.82
3.8
3.76
3.79
3.81
3.83
3.82
3.87
3.89
3.89
3.89
3.95
3.89
3.85
3.85
3.85
3.83
3.82
3.84
3.87
3.87
3.89
3.94
3.91
3.91
3.95
3.94
3.93
3.97
3.98
3.92
3.99
4.0
4.05
4.0
4.0
4.02
4.05
4.05
4.03
4.12
4.16
4.12
4.14
4.08
4.07
4.13
4.12
4.14
4.09
4.08
4.07
4.03
4.04
3.99
4.05
4.05
4.1
4.1
4.09
4.06
3.98
4.01
4.03
4.07
4.02
4.02
4.03
4.08
4.08
4.11
4.1
4.11
4.15
4.2
4.23
4.18
4.21
4.24
4.19
4.2
4.21
4.22
4.25
4.24
4.26
4.3
4.33
4.35
4.39
4.36
4.33
4.31
4.31
4.31
4.27
4.27
4.28
4.31
4.26
4.23
4.23
4.25
4.28
4.28
4.3
4.3
4.32
4.32
4.32
4.29
4.29
4.31
4.32
4.31
4.29
4.27
4.3
4.28
4.25
4.23
4.28
4.29
4.33
4.37
4.38
4.39
4.4
4.45
4.38
4.37
4.45
4.39
4.4
4.39
4.42
4.4
4.4
4.42
4.44
4.41
4.48
4.49
4.47
4.42
4.51
4.57
4.6
4.59
4.6
4.64
4.6
4.55
4.56
4.51
4.49
4.47
4.52
4.49
4.47
4.52
4.5
4.51
4.52
4.52
4.58
4.61
4.57
4.54
4.58
4.6
4.57
4.61
4.65
4.67
4.62
4.57
4.51
4.53
4.58
4.57
4.5
4.48
4.48
4.46
4.5
4.5
4.51
4.5
4.49
4.47
4.53
4.45
4.44
4.42
4.43
4.42
4.46
4.45
4.46
4.46
4.53
4.52
4.5
4.55
4.54
4.56
4.58
4.61
4.65
4.64
4.69
4.64
4.64
4.73
4.72
4.76
4.81
4.72
4.75
4.71
4.62
4.54
4.52
4.5
4.46
4.42
4.38
4.38
4.37
4.34
4.35
4.44
4.48
4.53
4.55
4.5
4.51
4.51
4.48
4.41
4.39
4.42
4.41
4.41
4.45
4.46
4.47
4.43
4.45
4.47
4.47
4.48
4.46
4.45
4.49
4.53
4.62
4.63
4.58
4.59
4.59
4.63
4.67
4.67
4.58
4.49
4.5
4.46
4.42
4.43
4.44
4.45
4.45
4.49
4.46
4.42
4.5
4.43
4.37
4.32
4.32
4.33
4.34
4.36
4.41
4.38
4.29
4.3
4.34
4.33
4.25
4.24
4.25
4.24
4.2
4.19
4.24
4.15
4.1
4.11
4.06
4.1
4.11
4.11
4.11
4.1
4.12
4.13
4.05
4.04
4.09
4.09
4.05
3.96
4.02
4.05
4.08
4.07
4.13
4.14
4.15
4.16
4.22
4.26
4.25
4.28
4.34
4.34
4.42
4.46
4.48
4.51
4.49
4.51
4.56
4.55
4.58
4.52
4.54
4.5
4.54
4.48
4.48
4.44
4.45
4.41
4.4
4.44
4.48
4.51
4.51
4.5
4.52
4.5
4.54
4.54
4.51
4.5
4.52
4.55
4.53
4.57
4.54
4.59
4.5
4.5
4.51
4.53
4.5
4.49
4.5
4.5
4.5
4.53
4.59
4.61
4.55
4.51
4.52
4.57
4.57
4.55
4.55
4.58
4.56
4.56
4.55
4.56
4.55
4.61
4.63
4.62
4.56
4.58
4.59
4.64
4.67
4.65
4.65
4.67
4.65
4.62
4.67
4.76
4.71
4.69
4.72
4.78
4.81
4.81
4.83
4.81
4.83
4.88
4.86
4.78
4.82
4.81
4.82
4.85
4.84
4.86
4.89
4.85
4.81
4.77
4.73
4.73
4.7
4.75
4.75
4.78
4.79
4.76
4.8
4.86
4.88
4.86
4.9
4.91
4.86
4.93
4.94
4.95
4.92
4.97
5.0
