4.41
4.39
4.35
4.37
4.37
4.41
4.43
4.45
4.42
4.4
4.45
4.47
4.5
4.48
4.51
4.49
4.53
4.49
4.5
4.48
4.47
4.51
4.49
4.5
4.53
4.54
4.56
4.53
4.59
4.61
4.68
4.66
4.66
4.65
4.67
4.66
4.58
4.53
4.54
4.57
4.58
4.57
4.6
4.64
4.63
4.64
4.67
4.64
4.55
4.58
4.64
4.67
4.71
4.74
4.72
4.67
4.76
4.71
4.67
4.62
4.6
4.57
4.6
4.57
4.6
4.61
4.66
4.62
4.62
4.56
4.49
4.4
4.43
4.39
4.37
4.38
4.44
4.46
4.46
4.47
4.43
4.41
4.44
4.42
4.43
4.5
4.51
4.53
4.54
4.58
4.64
4.62
4.67
4.64
4.61
4.58
4.6
4.63
4.6
4.61
4.62
4.61
4.6
4.63
4.61
4.65
4.64
4.6
4.58
4.49
4.48
4.53
4.54
4.5
4.48
4.48
4.49
4.51
4.52
4.59
4.64
4.67
4.7
4.67
4.67
4.64
4.59
4.63
4.67
4.66
4.6
4.59
4.6
4.58
4.6
4.61
4.55
4.52
4.52
4.51
4.51
4.51
4.52
4.57
4.54
4.63
4.62
4.67
4.69
4.66
4.68
4.64
4.65
4.63
4.55
4.6
4.64
4.61
4.6
4.6
4.55
4.55
4.54
4.56
4.59
4.63
4.67
4.66
4.71
4.71
4.76
4.81
4.75
4.77
4.74
4.75
4.74
4.74
4.73
4.73
4.73
4.74
4.7
4.65
4.63
4.57
4.6
4.64
4.65
4.65
4.61
4.58
4.58
4.66
4.67
4.72
4.65
4.61
4.58
4.57
4.53
4.56
4.52
4.51
4.58
4.62
4.58
4.59
4.57
4.56
4.54
4.61
4.61
4.59
4.61
4.64
4.67
4.66
4.67
4.73
4.71
4.77
4.76
4.79
4.77
4.76
4.69
4.7
4.75
4.72
4.66
4.73
4.71
4.67
4.71
4.7
4.69
4.65
4.69
4.72
4.69
4.69
4.65
4.62
4.58
4.55
4.6
4.56
4.58
4.59
4.54
4.53
4.57
4.57
4.59
4.6
4.62
4.62
4.61
4.57
4.61
4.65
4.67
4.67
4.63
4.54
4.51
4.46
4.5
4.5
4.47
4.45
4.45
4.51
4.47
4.5
4.51
4.54
4.58
4.58
4.58
4.58
4.56
4.59
4.6
4.62
4.65
4.61
4.66
4.63
4.68
4.72
4.72
4.71
4.75
4.74
4.72
4.71
4.75
4.7
4.69
4.67
4.63
4.6
4.65
4.7
4.63
4.56
4.6
4.57
4.58
4.6
4.61
4.55
4.46
4.41
4.38
4.4
4.41
4.46
4.47
4.48
4.51
4.53
4.53
4.53
4.52
4.57
4.57
4.57
4.6
4.58
4.61
4.54
4.51
4.48
4.4
4.36
4.38
4.41
4.34
4.4
4.43
4.4
4.4
4.44
4.44
4.49
4.53
4.53
4.55
4.54
4.58
4.58
4.54
4.54
4.45
4.41
4.44
4.43
4.37
4.37
4.42
4.44
4.45
4.45
4.51
4.57
4.54
4.52
4.59
4.59
4.58
4.6
4.58
4.61
4.61
4.62
4.61
4.65
4.63
4.64
4.64
4.6
4.62
4.61
4.61
4.63
4.63
4.59
4.55
4.51
4.54
4.55
4.56
4.58
4.61
4.63
4.64
4.61
4.6
4.61
4.61
4.61
4.58
4.58
4.57
4.54
4.51
4.5
4.52
4.5
4.48
4.49
4.49
4.46
4.41
4.39
4.39
4.39
4.38
4.36
4.41
4.44
4.39
4.35
4.33
4.34
4.3
4.3
4.3
4.29
4.3
4.38
4.33
4.38
4.36
4.32
4.36
4.37
4.33
4.3
4.25
4.23
4.17
4.23
4.23
4.26
4.28
4.36
4.37
4.43
4.42
4.41
4.41
4.41
4.42
4.41
4.42
4.46
4.48
4.44
4.41
4.39
4.34
4.33
4.27
4.33
4.38
4.38
4.34
4.34
4.33
4.36
4.32
4.33
4.31
4.32
4.35
4.36
4.37
4.37
4.39
4.46
4.43
4.46
4.49
4.49
4.48
4.55
4.54
4.58
4.59
4.61
4.62
4.62
4.67
4.64
4.69
4.75
4.75
4.76
4.71
4.7
4.7
4.65
4.65
4.63
4.63
4.63
4.59
4.56
4.59
4.57
4.61
4.61
4.61
4.66
4.66
4.63
4.68
4.72
4.7
4.68
4.69
4.73
4.75
4.76
4.76
4.67
4.7
4.73
4.78
4.81
4.82
4.78
4.78
4.79
4.79
4.79
4.78
4.84
4.84
4.88
4.86
4.88
4.87
4.87
4.88
4.82
4.86
4.9
4.88
4.9
4.9
4.94
4.99
4.94
4.93
4.94
4.97
4.89
4.9
4.86
4.86
4.91
4.91
4.94
4.87
4.9
4.9
4.91
4.86
4.89
4.8
4.8
4.8
4.76
4.76
4.82
4.84
4.8
4.8
4.78
4.76
4.76
4.7
4.79
4.81
4.86
4.86
4.85
4.86
4.88
4.89
4.89
4.89
4.87
4.89
4.9
4.93
4.92
4.88
4.9
4.93
4.98
4.98
4.95
4.99
4.94
4.92
4.92
4.92
4.96
4.96
4.95
4.91
4.86
4.8
4.74
4.75
4.75
4.74
4.69
4.78
4.78
4.78
4.78
4.79
4.87
4.84
4.8
4.81
4.79
4.7
4.66
4.59
4.65
4.69
4.71
4.73
4.76
4.8
4.77
4.79
4.81
4.78
4.77
4.83
4.84
4.8
4.79
4.84
4.85
4.83
4.86
4.85
4.85
4.8
4.79
4.75
4.75
4.74
4.75
4.84
4.84
4.85
4.81
4.84
4.9
4.98
4.98
4.98
5.04
5.05
5.06
5.05
5.09
5.14
5.08
5.14
5.15
5.14
5.15
5.14
5.12
5.03
4.98
4.98
4.95
4.93
4.89
4.89
4.82
4.83
4.8
4.81
4.83
4.82
4.82
4.8
4.81
4.8
4.73
4.79
4.84
4.84
4.82
4.87
4.92
4.94
4.89
4.85
4.8
4.8
4.78
4.76
4.71
4.73
4.68
4.66
4.66
4.65
4.6
4.65
4.6
4.6
4.68
4.7
4.76
4.78
4.73
4.72
4.77
4.81
4.8
4.8
4.85
4.87
4.82
4.83
4.81
4.87
4.92
4.94
4.97
5.01
5.06
5.07
5.03
5.05
5.06
5.03
5.02
5.08
5.04
5.03
4.96
4.97
4.99
4.99
5.03
5.05
5.01
5.08
5.01
4.99
4.97
4.99
4.93
4.93
4.95
4.9
4.91
4.91
4.92
4.94
4.92
4.91
4.91
4.88
4.85
4.89
4.92
4.9
4.86
4.91
4.87
4.92
4.91
4.83
4.84
4.88
4.91
4.93
4.88
4.87
4.92
4.89
4.9
4.85
4.84
4.84
4.84
4.88
4.95
4.95
4.94
4.99
4.99
5.03
5.05
5.07
5.11
5.17
5.17
5.18
5.09
5.09
5.07
5.09
5.08
5.02
5.01
5.0
4.96
4.95
4.96
4.93
4.86
4.85
4.88
4.83
4.81
4.77
4.78
4.83
4.8
4.78
4.73
4.7
4.66
4.72
4.77
4.79
4.84
4.83
4.79
4.77
4.78
4.8
4.83
4.76
4.79
4.86
4.84
4.86
4.84
4.86
4.9
4.85
4.82
4.85
4.82
4.84
4.78
4.78
4.79
4.84
4.77
4.76
4.73
4.71
4.71
4.72
4.78
4.77
4.86
4.87
4.9
4.84
4.76
4.78
4.78
4.77
4.78
4.76
4.71
4.76
4.71
4.76
4.76
4.71
4.66
4.61
4.65
4.66
4.7
4.64
4.61
4.62
4.61
4.61
4.61
4.57
4.56
4.57
4.56
4.56
4.54
4.59
4.57
4.61
4.56
4.58
4.57
4.56
4.6
4.6
4.55
4.55
4.52
4.55
4.56
4.52
4.47
4.49
4.54
4.54
4.58
4.63
4.64
4.63
4.62
4.57
4.57
4.56
4.52
4.51
4.52
4.52
4.53
4.58
4.58
4.53
4.53
4.47
4.45
4.48
4.49
4.44
4.46
4.45
4.45
4.43
4.43
4.43
4.48
4.46
4.5
4.45
4.44
4.49
4.5
4.51
4.54
4.57
4.58
4.59
4.56
4.64
4.61
4.62
4.58
4.58
4.56
4.58
4.53
4.54
4.57
4.54
4.57
4.6
4.66
4.61
4.63
4.63
4.65
4.59
4.57
4.52
4.52
4.52
4.49
4.51
4.52
4.51
4.53
4.57
4.58
4.57
4.59
4.5
4.5
4.51
4.55
4.57
4.62
4.65
4.65
4.7
4.74
4.74
4.75
4.8
4.78
4.78
4.73
4.71
4.77
4.7
4.72
4.74
4.81
4.76
4.71
4.7
4.73
4.67
4.71
4.71
4.68
4.69
4.72
4.66
4.61
4.6
4.58
4.59
4.55
4.46
4.48
4.48
4.48
4.52
4.49
4.4
4.42
4.4
4.36
4.37
4.41
4.42
4.42
4.4
4.44
4.43
4.48
4.49
4.45
4.4
4.39
4.4
4.39
4.44
4.51
4.52
4.46
4.38
4.34
4.37
4.37
4.34
4.31
4.31
4.31
4.29
4.28
4.23
4.2
4.19
4.2
4.18
4.23
4.25
4.23
4.29
4.36
4.41
4.42
4.4
4.41
4.43
4.42
4.43
4.45
4.43
4.39
4.42
4.41
4.43
4.48
4.48
4.47
4.45
4.41
4.38
4.36
4.36
4.36
4.43
4.37
4.41
4.45
4.49
4.49
4.48
4.45
4.47
4.45
4.38
4.33
4.31
4.31
4.34
4.32
4.31
4.32
4.33
4.29
4.25
4.24
4.26
4.25
4.25
4.23
4.2
4.16
4.16
4.16
4.11
4.11
4.08
4.1
4.12
4.15
4.2
4.21
4.21
4.22
4.27
4.3
4.31
4.28
4.28
4.36
4.36
4.36
4.36
4.34
4.34
4.36
4.32
4.3
4.35
4.36
4.27
4.28
4.29
4.27
4.29
4.23
4.24
4.28
4.29
4.26
4.31
4.31
4.24
4.24
4.21
4.2
4.19
4.21
4.21
4.14
4.14
4.2
4.17
4.19
4.25
4.22
4.23
4.27
4.23
4.23
4.21
4.23
4.25
4.24
4.2
4.2
4.24
4.28
4.3
4.36
4.31
4.22
4.19
4.18
4.18
4.19
4.15
4.14
4.08
4.04
4.06
4.01
4.0
3.97
4.01
4.06
4.06
4.11
4.07
4.06
4.02
4.0
4.0
4.0
4.03
4.02
4.07
4.09
4.08
4.13
4.08
4.12
4.1
4.12
4.1
4.17
4.18
4.22
4.25
4.25
4.23
4.18
4.26
4.21
4.18
4.19
4.15
4.12
4.21
4.25
4.27
4.22
4.22
4.22
4.21
4.23
4.28
4.32
4.35
4.33
4.33
4.37
4.32
4.32
4.26
4.19
4.19
4.2
4.21
4.23
4.26
4.25
4.28
4.32
4.33
4.35
4.33
4.34
4.31
4.4
4.43
4.43
4.42
4.44
4.4
4.4
4.4
4.4
4.44
4.43
4.42
4.39
4.38
4.38
4.36
4.34
4.38
4.37
4.33
4.34
4.32
4.32
4.36
4.34
4.35
4.33
4.38
4.34
4.33
4.38
4.39
4.42
4.44
4.44
4.36
4.4
4.39
4.39
4.39
4.42
4.42
4.41
4.36
4.39
4.45
4.41
4.44
4.42
4.42
4.46
4.37
4.41
4.4
4.38
4.38
4.42
4.42
4.47
4.45
4.45
4.43
4.39
4.41
4.42
4.44
4.43
4.45
4.44
4.49
4.43
4.42
4.39
4.4
4.4
4.42
4.37
4.38
4.33
4.37
4.37
4.35
4.33
4.26
4.31
4.35
4.3
4.33
4.37
4.38
4.41
4.43
4.43
4.39
4.39
4.37
4.43
4.42
4.37
4.34
4.35
4.33
4.27
4.25
4.21
4.28
4.31
4.37
4.43
4.42
4.42
4.38
4.43
4.38
4.42
4.41
4.46
4.39
4.39
4.36
4.36
4.41
4.39
4.41
4.4
4.41
4.41
4.46
4.49
4.49
4.51
4.5
4.5
4.51
4.5
4.55
4.56
4.56
4.56
4.55
4.53
4.56
4.57
4.57
4.54
4.53
4.55
4.54
4.54
4.54
4.58
4.57
4.54
4.55
4.55
4.58
4.63
4.66
4.67
4.72
4.7
4.66
4.66
4.65
4.7
4.62
4.63
4.63
4.61
4.64
4.69
4.68
4.69
4.69
4.64
4.63
4.58
4.52
4.43
4.41
4.41
4.42
4.34
4.34
4.4
4.42
4.46
4.49
4.5
4.56
4.51
4.51
4.48
4.5
4.54
4.57
4.56
4.55
4.6
4.64
4.68
4.69
4.66
4.66
4.72
4.7
4.71
4.75
4.73
4.72
4.77
4.69
4.72
4.8
4.81
4.82
4.81
4.81
4.83
4.89
4.95
4.95
4.97
4.98
5.0
5.0
4.99
4.99
4.99
5.0
5.05
5.07
5.1
5.14
5.13
5.11
5.15
5.12
5.12
5.14
5.11
5.14
5.17
5.19
5.18
5.13
5.07
5.07
5.09
5.08
5.12
5.11
5.13
5.12
5.13
5.16
5.13
5.08
5.01
5.0
5.01
5.02
5.03
5.07
5.16
5.11
5.1
5.12
5.17
5.18
5.16
5.18
5.18
5.12
5.14
5.11
5.07
5.01
5.06
5.08
5.09
5.07
5.04
5.01
5.0
4.95
4.94
4.88
4.91
4.89
4.86
4.86
4.83
4.88
4.82
4.84
4.89
4.89
4.89
4.91
4.9
4.88
4.88
4.83
4.83
4.89
4.89
4.95
4.97
4.9
4.91
4.95
4.95
4.97
4.97
4.99
5.0
4.95
4.96
4.99
4.99
4.98
4.98
5.04
5.04
5.03
5.03
5.02
5.0
5.02
5.06
5.05
5.06
5.0
5.0
4.98
4.94
4.88
4.9
4.88
4.91
4.96
4.95
4.98
5.0
4.95
4.95
4.9
4.85
4.84
4.82
4.81
4.76
4.71
4.7
4.68
4.64
4.66
4.65
4.67
4.66
4.63
4.58
4.55
4.61
4.57
4.61
4.62
4.65
4.66
4.67
4.71
4.67
4.66
4.62
4.57
4.51
4.54
4.57
4.56
4.53
4.56
4.57
4.58
4.53
4.5
4.57
4.56
4.6
4.69
4.71
4.69
4.67
4.64
4.69
4.64
4.59
4.59
4.66
4.72
4.69
4.76
4.76
4.73
4.7
4.72
4.76
4.8
4.8
4.79
4.8
4.79
4.75
4.76
4.73
4.74
4.71
4.76
4.76
4.75
4.72
4.73
4.75
4.69
4.7
4.74
4.72
4.76
4.76
4.75
4.78
4.8
4.81
4.8
4.88
4.9
4.89
4.88
4.96
4.96
4.94
4.93
4.95
4.9
4.89
4.89
4.85
4.83
4.8
4.81
4.85
4.85
4.92
4.96
4.97
4.94
4.98
4.93
4.92
4.85
4.81
4.82
4.82
4.9
4.87
4.82
4.78
4.79
4.83
4.89
4.82
4.87
4.88
4.88
4.88
4.84
4.91
4.89
4.83
4.84
4.89
4.89
4.82
4.81
4.88
4.84
4.89
4.89
4.9
4.91
4.89
4.86
4.82
4.81
4.78
4.81
4.8
4.75
4.76
4.78
4.77
4.77
4.81
4.82
4.82
4.83
4.81
4.86
4.77
4.74
4.65
4.64
4.61
4.62
4.63
