5.03
4.94
5.0
5.06
5.13
5.17
5.19
5.23
5.24
5.25
5.16
5.18
5.26
5.3
5.36
5.39
5.46
5.47
5.54
5.45
5.51
5.57
5.61
5.67
5.75
5.66
5.72
5.75
5.79
5.8
5.83
5.86
5.89
5.8
5.85
5.76
5.79
5.7
5.72
5.75
5.76
5.67
5.68
5.69
5.74
5.81
5.85
5.92
5.83
5.89
5.8
5.84
5.91
5.98
5.89
5.8
5.85
5.93
5.96
5.87
5.88
5.9
5.93
6.0
6.01
6.02
5.93
5.84
5.75
5.78
5.69
5.71
5.74
5.65
5.56
5.63
5.65
5.67
5.58
5.63
5.54
5.57
5.48
5.39
5.42
5.33
5.38
5.29
5.2
5.11
5.02
5.03
5.06
5.11
5.19
5.1
5.13
5.04
4.95
4.97
4.88
4.79
4.7
4.73
4.64
4.55
4.57
4.64
4.65
4.68
4.74
4.77
4.83
4.85
4.86
4.77
4.8
4.82
4.73
4.75
4.66
4.7
4.75
4.81
4.88
4.94
4.99
4.9
4.92
4.94
4.96
4.87
4.89
4.92
4.83
4.85
4.87
4.94
4.85
4.88
4.94
4.97
4.99
4.9
4.91
4.82
4.73
4.75
4.76
4.78
4.69
4.76
4.67
4.58
4.49
4.4
4.42
4.44
4.46
4.49
4.4
4.47
4.38
4.43
4.5
4.41
4.32
4.39
4.41
4.32
4.23
4.3
4.31
4.22
4.29
4.36
4.43
4.34
4.35
4.37
4.39
4.3
4.31
4.32
4.34
4.25
4.28
4.19
4.26
4.17
4.08
3.99
3.9
3.81
3.72
3.74
3.76
3.67
3.58
3.6
3.61
3.67
3.74
3.65
3.69
3.72
3.79
3.85
3.76
3.79
3.7
3.61
3.68
3.69
3.7
3.61
3.52
3.43
3.5
3.58
3.65
3.66
3.74
3.77
3.8
3.87
3.78
3.79
3.8
3.82
3.89
3.93
3.84
3.9
3.97
3.88
3.91
3.99
4.01
3.92
4.0
3.91
3.82
3.86
3.87
3.95
3.86
3.93
3.84
3.75
3.75
3.66
3.74
3.75
3.81
3.83
3.84
3.85
3.93
3.93
3.84
3.75
3.66
3.57
3.59
3.67
3.58
3.66
3.72
3.72
3.8
3.88
3.79
3.7
3.77
3.68
3.7
3.61
3.63
3.63
3.54
3.55
3.61
3.52
3.53
3.6
3.62
3.63
3.7
3.7
3.61
3.61
3.52
3.59
3.61
3.62
3.63
3.54
3.45
3.53
3.54
3.45
3.36
3.43
3.45
3.36
3.43
3.34
3.25
3.33
3.4
3.4
3.4
3.31
3.39
3.39
3.3
3.31
3.33
3.24
3.24
3.15
3.16
3.17
3.08
3.1
3.1
3.01
3.02
3.03
3.05
3.11
3.12
3.2
3.22
3.23
3.14
3.14
3.05
3.12
3.14
3.15
3.06
2.97
2.98
2.89
2.97
2.99
3.02
3.04
2.95
2.96
2.97
2.88
2.96
2.96
2.98
3.06
2.97
3.04
3.06
3.12
3.19
3.27
3.18
3.2
3.22
3.23
3.3
3.37
3.37
3.28
3.35
3.35
3.43
3.46
3.53
3.44
3.52
3.53
3.53
3.44
3.45
3.36
3.27
3.34
3.25
3.27
3.29
3.36
3.44
3.35
3.36
3.27
3.18
3.09
3.17
3.19
3.21
3.29
3.36
3.36
3.44
3.46
3.37
3.28
3.19
3.2
3.22
3.3
3.37
3.28
3.3
3.21
3.23
3.14
3.21
3.23
3.24
3.15
3.23
3.26
3.33
3.34
3.25
3.33
3.24
3.15
3.17
3.2
3.11
3.18
3.24
3.24
3.26
3.17
3.19
3.1
3.12
3.03
3.11
3.11
3.13
3.16
3.07
3.14
3.22
3.3
3.38
3.29
3.2
3.2
3.21
3.12
3.13
3.15
3.23
3.14
3.22
3.29
3.3
3.21
3.29
3.2
3.11
3.19
3.2
3.28
3.3
3.32
3.39
3.42
3.33
3.35
3.37
3.43
3.5
3.56
3.47
3.38
3.29
3.31
3.32
3.39
3.41
3.43
3.5
3.57
3.48
3.49
3.4
3.31
3.22
3.25
3.29
3.36
3.44
3.35
3.35
3.42
3.45
3.46
3.46
3.37
3.28
3.35
3.42
3.43
3.5
3.51
3.42
3.33
3.4
3.41
3.32
3.23
3.14
3.2
3.22
3.22
3.24
3.3
3.37
3.45
3.46
3.47
3.38
3.29
3.29
3.2
3.21
3.29
3.31
3.32
3.23
3.14
3.16
3.18
3.25
3.16
3.23
3.14
3.22
3.13
3.2
3.22
3.24
3.24
3.26
3.34
3.34
3.25
3.27
3.18
3.25
3.33
3.41
3.47
3.38
3.29
3.2
3.27
3.35
3.43
3.34
3.25
3.26
3.26
3.27
3.28
3.3
3.37
3.38
3.41
3.32
3.34
3.25
3.32
3.32
3.34
3.41
3.32
3.33
3.36
3.27
3.29
3.31
3.37
3.28
3.35
3.42
3.43
3.49
3.56
3.64
3.71
3.72
3.63
3.7
3.78
3.69
3.6
3.6
3.61
3.63
3.54
3.56
3.47
3.49
3.4
3.31
3.33
3.24
3.24
3.15
3.17
3.25
3.16
3.07
3.15
3.22
3.13
3.21
3.28
3.19
3.19
3.1
3.17
3.25
3.31
3.32
3.39
3.47
3.38
3.29
3.3
3.3
3.32
3.4
3.31
3.33
3.4
3.31
3.33
3.24
3.32
3.33
3.35
3.26
3.34
3.36
3.27
3.28
3.3
3.21
3.28
3.3
3.3
3.32
3.33
3.24
3.3
3.21
3.22
3.24
3.31
3.33
3.4
3.31
3.22
3.13
3.04
3.04
2.95
2.97
2.99
2.99
3.06
3.07
3.09
3.0
3.06
3.13
3.2
3.11
3.02
3.1
3.1
3.11
3.18
3.26
3.17
3.24
3.15
3.15
3.06
3.07
3.15
3.16
3.23
3.23
3.31
3.22
3.13
3.14
3.15
3.06
2.97
2.88
2.9
2.98
3.0
2.91
2.99
3.01
3.02
3.03
3.1
3.18
3.25
3.28
3.19
3.1
3.12
3.03
3.06
3.14
3.05
3.07
3.14
3.05
2.96
2.97
3.05
3.12
3.13
3.15
3.06
2.97
2.88
2.79
2.8
2.81
2.88
2.89
2.8
2.83
2.84
2.92
3.0
3.07
3.15
3.22
3.23
3.24
3.26
3.29
3.2
3.28
3.36
3.43
3.5
3.58
3.64
3.66
3.68
3.59
3.5
3.51
3.58
3.65
3.66
3.57
3.65
3.56
3.63
3.54
3.55
3.63
3.7
3.77
3.84
3.75
3.77
3.83
3.74
3.76
3.83
3.91
3.98
3.89
3.8
3.82
3.73
3.75
3.66
3.57
3.64
3.55
3.56
3.59
3.6
3.63
3.71
3.62
3.53
3.6
3.63
3.64
3.55
3.61
3.63
3.7
3.61
3.52
3.6
3.51
3.59
3.6
3.67
3.69
3.7
3.72
3.8
3.88
3.95
3.86
3.93
3.84
3.87
3.78
3.85
3.92
3.98
3.89
3.9
3.92
3.83
3.74
3.65
3.66
3.67
3.58
3.49
3.4
3.42
3.33
3.36
3.44
3.52
3.6
3.62
3.7
3.76
3.77
3.85
3.76
3.67
3.68
3.76
3.77
3.68
3.59
3.6
3.62
3.53
3.44
3.52
3.43
3.45
3.51
3.58
3.6
3.62
3.63
3.54
3.56
3.47
3.55
3.62
3.65
3.72
3.79
3.85
3.86
3.77
3.79
3.8
3.82
3.73
3.79
3.86
3.87
3.78
3.69
3.77
3.8
3.71
3.78
3.84
3.85
3.87
3.94
3.85
3.87
3.95
3.97
3.88
3.79
3.86
3.88
3.79
3.81
3.81
3.81
3.87
3.78
3.69
3.71
3.78
3.78
3.69
3.6
3.51
3.58
3.49
3.4
3.41
3.48
3.39
3.39
3.46
3.37
3.28
3.35
3.26
3.32
3.23
3.31
3.33
3.34
3.25
3.26
3.17
3.24
3.32
3.39
3.3
3.32
3.23
3.14
3.05
2.96
2.97
3.05
3.07
3.07
2.98
2.89
2.89
2.8
2.87
2.88
2.89
2.91
2.93
2.84
2.87
2.78
2.86
2.86
2.77
2.68
2.7
2.71
2.72
2.78
2.79
2.8
2.71
2.73
2.81
2.83
2.74
2.82
2.84
2.91
2.92
2.83
2.85
2.93
2.95
2.96
3.03
3.05
3.12
3.19
3.27
3.29
3.2
3.11
3.18
3.09
3.0
3.02
2.93
2.84
2.85
2.92
2.94
2.85
2.91
2.99
2.9
2.97
3.04
2.95
2.86
2.77
2.78
2.8
2.87
2.94
2.96
2.98
3.05
2.96
3.04
3.06
2.97
2.88
2.95
2.97
3.05
2.96
2.87
2.89
2.9
2.81
2.88
2.79
2.87
2.88
2.9
2.98
3.05
3.07
3.14
3.16
3.18
3.26
3.26
3.17
3.17
3.24
3.26
3.33
3.24
3.15
3.15
3.23
3.3
3.38
3.29
3.36
3.38
3.29
3.31
3.32
3.39
3.3
3.38
3.38
3.38
3.29
3.29
3.29
3.2
3.28
3.19
3.27
3.18
3.25
3.26
3.27
3.35
3.36
3.36
3.27
3.18
3.25
3.27
3.18
3.25
3.33
3.35
3.42
3.43
3.44
3.44
3.51
3.58
3.58
3.59
3.67
3.75
3.78
3.85
3.86
3.87
3.88
3.88
3.89
3.8
3.88
3.79
3.7
3.77
3.78
3.79
3.79
3.7
3.78
3.69
3.72
3.79
3.86
3.88
3.89
3.9
3.81
3.83
3.9
3.81
3.84
3.86
3.94
4.01
3.92
3.99
4.06
4.08
4.16
4.07
4.09
4.0
4.02
3.93
3.84
3.9
3.81
3.83
3.91
3.99
4.0
3.91
3.94
3.85
3.92
3.93
3.96
3.98
4.0
4.03
4.11
4.02
4.1
4.16
4.18
4.09
4.17
4.08
4.09
4.0
4.02
3.93
4.01
3.92
3.94
3.85
3.92
3.99
4.06
4.13
4.21
4.29
4.2
4.11
4.02
4.03
3.94
4.02
4.1
4.11
4.18
4.09
4.11
4.13
4.14
4.05
3.96
3.98
3.89
3.92
3.99
4.02
4.08
4.15
4.06
4.07
3.98
4.05
4.06
4.07
3.98
4.0
4.02
4.08
3.99
4.06
4.07
4.15
4.23
4.24
4.32
4.23
4.24
4.15
4.06
4.13
4.21
4.24
4.26
4.17
4.25
4.27
4.35
4.26
4.17
4.08
4.1
4.17
4.24
4.26
4.34
4.25
4.33
4.41
4.43
4.34
4.35
4.26
4.17
4.08
3.99
4.06
4.12
4.2
4.11
4.13
4.04
4.1
4.12
4.19
4.27
4.18
4.19
4.27
4.18
4.25
4.16
4.17
4.24
4.32
4.38
4.41
4.32
4.23
4.14
4.05
4.13
4.04
4.05
4.12
4.03
3.94
3.96
3.87
3.93
4.01
4.08
3.99
3.99
3.9
3.92
3.92
3.99
4.06
3.97
3.99
3.9
3.93
3.84
3.91
3.82
3.73
3.64
3.55
3.62
3.64
3.64
3.55
3.62
3.7
3.71
3.74
3.82
3.84
3.75
3.77
3.84
3.75
3.66
3.74
3.81
3.83
3.74
3.74
3.76
3.67
3.68
3.7
3.78
3.78
3.84
3.75
3.66
3.57
3.64
3.55
3.55
3.55
3.58
3.49
3.56
3.47
3.55
3.56
3.58
3.6
3.6
3.61
3.61
3.62
3.64
3.55
3.46
3.53
3.44
3.35
3.35
3.26
3.29
3.32
3.39
3.41
3.47
3.55
3.55
3.56
3.63
3.7
3.77
3.68
3.59
3.6
3.62
3.53
3.44
3.46
3.37
3.45
3.36
3.27
3.28
3.35
3.36
3.38
3.45
3.45
3.52
3.59
3.6
3.6
3.51
3.52
3.43
3.45
3.46
3.48
3.49
3.55
3.57
3.58
3.49
3.55
3.63
3.54
3.61
3.62
3.7
3.77
3.83
3.74
3.65
3.56
3.63
3.7
3.76
3.78
3.85
3.93
3.84
3.91
3.98
4.0
3.91
3.99
3.9
3.91
3.92
3.83
3.83
3.9
3.81
3.72
3.73
3.73
3.8
3.86
3.87
3.88
3.9
3.81
3.72
3.63
3.64
3.55
3.46
3.37
3.44
3.35
3.36
3.44
3.35
3.26
3.27
3.18
3.09
3.0
3.08
2.99
3.0
3.08
3.09
3.0
2.91
2.93
2.94
3.01
3.02
3.04
3.12
3.2
3.11
3.19
3.26
3.34
3.35
3.26
3.28
3.35
3.37
3.28
3.19
3.19
3.1
3.01
3.08
3.09
3.09
3.0
2.91
2.99
3.07
3.15
3.06
3.14
