4.33
4.37
4.38
4.45
4.49
4.53
4.57
4.59
4.63
4.71
4.62
4.53
4.61
4.66
4.7
4.61
4.65
4.67
4.74
4.65
4.69
4.6
4.66
4.68
4.75
4.77
4.83
4.89
4.91
4.97
5.0
5.07
5.15
5.06
5.11
5.13
5.04
5.08
5.13
5.21
5.26
5.28
5.19
5.27
5.18
5.2
5.11
5.02
5.04
5.09
5.0
4.91
4.82
4.89
4.91
4.82
4.84
4.87
4.9
4.91
4.95
4.97
5.0
4.91
4.92
4.83
4.89
4.91
4.82
4.73
4.76
4.79
4.7
4.61
4.68
4.74
4.79
4.7
4.73
4.79
4.7
4.77
4.8
4.87
4.95
4.86
4.77
4.81
4.72
4.75
4.82
4.83
4.85
4.87
4.93
4.95
4.96
4.98
5.02
4.93
5.0
5.07
5.08
5.16
5.17
5.22
5.13
5.21
5.12
5.03
4.94
4.96
5.0
5.02
5.03
5.1
5.01
5.03
4.94
4.85
4.87
4.93
4.94
4.85
4.88
4.79
4.81
4.88
4.9
4.81
4.88
4.79
4.7
4.77
4.68
4.75
4.82
4.73
4.77
4.68
4.71
4.73
4.64
4.67
4.58
4.49
4.4
4.42
4.49
4.56
4.57
4.48
4.53
4.54
4.62
4.63
4.54
4.56
4.64
4.66
4.68
4.7
4.61
4.67
4.68
4.69
4.6
4.62
4.64
4.55
4.46
4.51
4.53
4.59
4.6
4.51
4.42
4.33
4.24
4.27
4.18
4.26
4.17
4.08
3.99
3.9
3.81
3.72
3.74
3.65
3.71
3.74
3.81
3.83
3.89
3.8
3.88
3.95
3.96
3.87
3.94
3.95
3.86
3.77
3.68
3.69
3.7
3.77
3.68
3.72
3.8
3.87
3.78
3.69
3.7
3.61
3.62
3.7
3.61
3.62
3.63
3.69
3.71
3.62
3.64
3.55
3.56
3.64
3.72
3.63
3.54
3.45
3.36
3.37
3.38
3.39
3.4
3.48
3.49
3.51
3.59
3.5
3.51
3.53
3.44
3.5
3.57
3.59
3.6
3.51
3.58
3.61
3.68
3.59
3.5
3.58
3.59
3.61
3.52
3.53
3.44
3.35
3.37
3.28
3.19
3.27
3.18
3.26
3.17
3.08
3.1
3.18
3.09
3.1
3.18
3.09
3.16
3.07
3.09
3.11
3.12
3.14
3.16
3.23
3.26
3.27
3.18
3.25
3.31
3.39
3.47
3.55
3.63
3.7
3.72
3.63
3.54
3.55
3.57
3.59
3.5
3.41
3.49
3.51
3.52
3.43
3.34
3.42
3.43
3.45
3.36
3.37
3.28
3.35
3.26
3.27
3.28
3.35
3.37
3.44
3.51
3.58
3.59
3.5
3.58
3.6
3.61
3.63
3.7
3.61
3.62
3.69
3.77
3.79
3.86
3.94
3.85
3.76
3.67
3.69
3.76
3.83
3.86
3.88
3.79
3.8
3.71
3.74
3.65
3.73
3.73
3.64
3.72
3.63
3.54
3.45
3.52
3.59
3.6
3.67
3.74
3.65
3.72
3.63
3.65
3.56
3.47
3.38
3.46
3.37
3.44
3.5
3.58
3.65
3.56
3.62
3.53
3.6
3.51
3.42
3.33
3.34
3.35
3.26
3.27
3.18
3.25
3.16
3.18
3.24
3.32
3.4
3.42
3.43
3.34
3.36
3.43
3.44
3.52
3.53
3.61
3.64
3.71
3.78
3.69
3.71
3.79
3.7
3.71
3.62
3.53
3.53
3.53
3.61
3.62
3.64
3.65
3.73
3.75
3.76
3.67
3.67
3.75
3.83
3.74
3.74
3.65
3.56
3.47
3.49
3.4
3.31
3.32
3.33
3.35
3.26
3.17
3.24
3.32
3.23
3.31
3.22
3.3
3.21
3.12
3.03
3.04
3.11
3.02
3.1
3.01
3.02
3.05
3.12
3.13
3.19
3.1
3.12
3.03
3.05
2.96
2.98
2.99
3.06
3.08
3.09
3.09
3.1
3.01
3.01
3.01
3.09
3.1
3.1
3.1
3.01
3.09
3.17
3.18
3.09
3.17
3.25
3.33
3.33
3.24
3.25
3.16
3.23
3.14
3.16
3.07
3.14
3.2
3.11
3.12
3.03
3.04
2.95
2.96
3.04
3.05
3.13
3.14
3.22
3.13
3.04
3.12
3.12
3.2
3.22
3.13
3.14
3.05
2.96
2.97
2.99
2.9
2.96
2.98
2.99
2.99
2.9
2.81
2.88
2.9
2.98
2.99
2.9
2.9
2.93
2.84
2.91
2.97
2.98
2.99
2.9
2.98
3.06
2.97
2.88
2.79
2.8
2.88
2.9
2.9
2.92
3.0
2.91
2.92
2.99
2.99
2.9
2.97
2.88
2.95
3.02
2.93
3.01
3.02
2.93
2.95
2.86
2.87
2.88
2.79
2.81
2.72
2.8
2.81
2.83
2.84
2.92
2.99
3.01
3.04
2.95
2.95
2.96
3.03
2.94
2.85
2.93
3.0
3.08
3.1
3.17
3.08
3.16
3.17
3.23
3.14
3.05
2.96
3.04
3.11
3.12
3.14
3.05
2.96
3.04
3.12
3.13
3.2
3.28
3.3
3.38
3.29
3.3
3.38
3.38
3.46
3.54
3.45
3.47
3.48
3.49
3.5
3.41
3.48
3.39
3.3
3.31
3.39
3.4
3.4
3.4
3.48
3.5
3.51
3.42
3.5
3.58
3.49
3.4
3.47
3.55
3.55
3.55
3.46
3.53
3.55
3.46
3.37
3.28
3.29
3.2
3.27
3.18
3.18
3.26
3.17
3.08
3.16
3.07
3.08
3.09
3.0
3.01
3.03
2.94
2.95
2.86
2.77
2.68
2.76
2.84
2.86
2.87
2.87
2.78
2.86
2.94
2.85
2.86
2.89
2.8
2.81
2.89
2.96
3.04
2.95
2.86
2.94
2.85
2.92
2.95
3.02
2.93
2.94
3.02
2.93
2.84
2.75
2.75
2.76
2.67
2.68
2.69
2.71
2.62
2.62
2.53
2.54
2.54
2.45
2.36
2.27
2.34
2.35
2.37
2.44
2.35
2.43
2.51
2.52
2.52
2.43
2.34
2.25
2.27
2.28
2.36
2.38
2.38
2.46
2.48
2.55
2.62
2.7
2.77
2.84
2.92
2.94
2.85
2.85
2.86
2.88
2.95
3.03
2.94
2.96
3.03
3.03
3.04
2.95
3.03
3.04
3.05
3.06
3.07
2.98
3.06
2.97
2.88
2.89
2.96
2.96
2.96
3.04
3.06
3.06
2.97
3.04
2.95
3.02
2.93
2.93
3.01
2.92
2.93
2.93
2.84
2.86
2.88
2.88
2.79
2.86
2.88
2.79
2.79
2.81
2.83
2.83
2.9
2.98
3.05
3.07
3.07
3.15
3.17
3.25
3.26
3.17
3.08
3.15
3.06
3.14
3.05
3.05
2.96
2.87
2.95
2.86
2.87
2.88
2.89
2.8
2.82
2.84
2.87
2.78
2.69
2.77
2.78
2.78
2.79
2.8
2.82
2.73
2.75
2.76
2.67
2.75
2.75
2.83
2.74
2.65
2.73
2.79
2.7
2.78
2.81
2.82
2.83
2.91
2.82
2.73
2.64
2.65
2.65
2.66
2.73
2.76
2.84
2.84
2.91
2.99
2.9
2.97
3.0
3.02
3.02
3.02
2.93
2.94
3.02
3.09
3.1
3.12
3.13
3.14
3.16
3.18
3.19
3.1
3.12
3.03
3.09
3.11
3.02
2.93
2.95
2.86
2.93
2.84
2.84
2.75
2.82
2.73
2.64
2.67
2.74
2.75
2.77
2.78
2.86
2.94
2.85
2.87
2.95
3.02
3.09
3.0
2.91
2.99
2.99
3.07
3.08
3.16
3.23
3.14
3.05
3.13
3.04
3.11
3.13
3.2
3.21
3.28
3.19
3.26
3.28
3.29
3.31
3.32
3.39
3.3
3.31
3.39
3.46
3.47
3.54
3.45
3.47
3.49
3.51
3.54
3.45
3.47
3.48
3.39
3.3
3.31
3.37
3.44
3.46
3.37
3.39
3.3
3.21
3.22
3.13
3.04
3.06
3.13
3.21
3.12
3.14
3.05
3.07
3.14
3.16
3.23
3.14
3.05
3.08
3.1
3.18
3.09
3.1
3.16
3.07
2.98
3.06
3.13
3.2
3.11
3.02
3.1
3.11
3.19
3.27
3.33
3.34
3.41
3.49
3.56
3.64
3.72
3.74
3.81
3.72
3.63
3.64
3.71
3.78
3.69
3.71
3.73
3.64
3.55
3.55
3.61
3.61
3.52
3.52
3.59
3.59
3.67
3.58
3.66
3.73
3.64
3.7
3.72
3.74
3.65
3.67
3.73
3.8
3.71
3.78
3.69
3.72
3.8
3.71
3.62
3.63
3.54
3.56
3.57
3.48
3.39
3.3
3.21
3.23
3.14
3.17
3.23
3.14
3.05
3.13
3.04
2.95
2.86
2.88
2.96
2.98
3.06
3.07
3.14
3.05
3.12
3.03
2.94
2.85
2.92
2.83
2.74
2.76
2.77
2.68
2.59
2.6
2.51
2.42
2.43
2.45
2.46
2.53
2.54
2.45
2.36
2.36
2.27
2.28
2.3
2.31
2.39
2.41
2.32
2.39
2.47
2.47
2.55
2.46
2.54
2.45
2.53
2.6
2.62
2.63
2.54
2.55
2.63
2.7
2.61
2.63
2.65
2.65
2.67
2.75
2.76
2.76
2.78
2.79
2.81
2.89
2.96
2.87
2.89
2.96
2.97
3.04
2.95
3.02
3.09
3.09
3.0
2.91
2.93
2.96
2.97
2.98
2.89
2.8
2.71
2.62
2.64
2.65
2.56
2.47
2.55
2.61
2.63
2.69
2.77
2.8
2.88
2.89
2.97
2.99
3.02
3.1
3.01
3.03
3.05
3.07
2.98
3.05
2.96
2.99
3.01
3.07
2.98
2.89
2.96
3.03
3.06
2.97
3.03
3.05
3.06
3.14
3.21
3.22
3.28
3.36
3.43
3.34
3.42
3.33
3.4
3.31
3.38
3.39
3.47
3.53
3.44
3.35
3.42
3.33
3.24
3.32
3.34
3.42
3.45
3.53
3.44
3.52
3.43
3.45
3.36
3.27
3.35
3.36
3.37
3.44
3.45
3.36
3.36
3.27
3.27
3.29
3.35
3.42
3.33
3.24
3.25
3.16
3.24
3.15
3.23
3.14
3.16
3.23
3.23
3.23
3.24
3.25
3.27
3.34
3.42
3.5
3.52
3.54
3.61
3.69
3.6
3.62
3.7
3.7
3.78
3.8
3.87
3.87
3.88
3.79
3.79
3.87
3.94
4.01
4.08
3.99
4.06
3.97
3.99
3.9
3.98
3.89
3.8
3.71
3.62
3.69
3.6
3.63
3.65
3.72
3.73
3.64
3.55
3.62
3.63
3.7
3.7
3.71
3.74
3.74
3.65
3.65
3.73
3.74
3.65
3.66
3.72
3.63
3.71
3.62
3.53
3.53
3.6
3.61
3.64
3.55
3.62
3.7
3.61
3.52
3.43
3.34
3.25
3.32
3.4
3.4
3.31
3.33
3.24
3.15
3.06
2.97
2.88
2.89
2.89
2.92
2.93
3.0
2.91
2.82
2.9
2.81
2.82
2.73
2.74
2.75
2.66
2.67
2.58
2.59
2.6
2.51
2.59
2.6
2.68
2.68
2.59
2.59
2.61
2.61
2.52
2.43
2.34
2.36
2.38
2.38
2.46
2.37
2.45
2.47
2.48
2.55
2.46
2.47
2.54
2.6
2.61
2.61
2.63
2.7
2.7
2.71
2.72
2.78
2.84
2.92
2.93
2.94
2.85
2.93
2.95
2.86
2.87
2.89
2.96
3.04
3.05
3.05
3.06
2.97
3.05
3.07
3.14
3.21
3.29
3.35
3.42
3.33
3.24
3.15
3.17
3.08
3.09
3.11
3.14
3.21
3.29
3.37
3.28
3.36
3.27
3.28
3.3
3.21
3.22
3.13
3.21
3.23
3.14
3.05
3.06
3.13
3.15
3.16
3.24
3.32
3.23
3.24
3.25
3.16
3.16
3.24
3.15
3.18
3.26
3.27
3.29
3.3
3.38
3.45
3.52
3.43
3.34
3.41
3.42
3.33
3.24
3.25
3.27
3.3
3.32
3.23
3.14
3.22
3.13
3.21
3.29
3.2
3.22
3.13
3.04
3.12
3.15
3.06
3.07
2.98
3.05
3.12
3.19
3.26
3.27
3.18
3.09
3.11
3.02
3.1
3.11
3.02
2.93
3.0
2.91
2.82
2.89
2.91
2.99
3.0
3.01
3.09
3.1
3.11
3.02
3.03
3.11
3.13
3.15
3.21
3.12
3.2
3.21
3.12
3.2
3.21
3.12
3.2
3.22
3.13
3.21
3.12
3.18
3.24
3.25
3.16
3.07
3.09
3.16
3.18
3.26
3.34
3.36
3.38
3.29
3.36
3.43
3.45
3.36
3.27
3.29
3.2
3.28
3.29
3.31
3.33
3.41
3.48
3.51
3.42
3.33
3.41
3.32
3.23
3.3
3.37
3.38
3.4
3.41
3.42
3.43
3.5
3.58
3.59
3.61
3.68
3.59
3.66
3.73
3.79
3.7
3.61
3.52
3.43
3.34
3.36
3.27
3.18
3.26
3.34
3.25
3.16
3.18
3.09
3.0
3.01
2.92
2.99
3.06
3.07
3.09
3.16
3.24
3.3
3.33
3.34
3.41
3.43
3.45
3.36
3.37
3.44
3.52
3.43
3.34
3.41
3.42
3.33
3.34
3.4
3.48
3.49
3.4
3.47
3.38
3.44
3.47
3.38
3.29
3.37
3.39
3.47
3.55
3.46
3.37
3.37
3.38
3.39
3.46
3.47
3.55
3.63
3.65
3.56
3.47
3.54
3.55
3.57
3.64
3.65
3.72
3.74
3.81
3.88
3.9
3.81
3.72
3.74
3.65
3.67
3.68
3.71
3.62
3.64
3.55
3.57
3.58
3.66
3.57
3.48
3.39
3.47
3.54
3.61
3.52
3.55
3.56
3.63
3.65
3.73
3.64
3.72
3.75
3.82
3.83
3.74
3.65
3.56
3.47
3.38
3.45
3.36
3.39
3.47
3.55
3.57
3.63
3.54
3.45
3.51
3.58
3.49
3.4
3.42
3.33
3.4
3.4
3.31
3.22
3.13
3.2
3.26
3.28
3.34
3.35
3.37
3.28
3.19
3.26
3.17
3.19
3.2
3.11
3.02
2.93
3.01
2.92
3.0
2.91
2.93
3.01
3.08
3.16
3.16
3.18
3.26
3.34
3.36
3.37
3.28
3.19
3.1
3.1
3.01
3.03
3.05
3.12
3.2
3.11
3.19
3.2
3.21
3.12
3.14
3.05
2.96
2.98
3.05
3.12
3.14
3.22
3.23
3.24
3.15
3.06
3.14
3.21
3.22
3.13
3.21
3.12
3.12
3.19
3.21
3.29
3.2
3.28
3.19
3.2
3.21
3.22
3.29
3.2
3.27
3.28
3.3
3.21
3.12
3.13
3.2
3.11
3.18
3.25
3.26
3.17
3.18
3.26
3.34
3.42
3.5
3.58
3.49
3.4
3.42
3.44
3.52
3.43
3.51
3.42
3.49
3.4
3.48
3.56
3.47
3.48
3.39
3.3
3.32
3.39
3.3
3.21
3.12
3.03
3.03
3.09
3.11
3.12
3.2
3.11
3.19
3.2
3.28
3.29
3.3
3.31
3.22
3.13
3.04
2.95
2.97
3.0
2.91
2.99
3.0
2.91
2.92
3.0
2.91
2.82
2.89
2.97
3.04
2.95
2.97
2.98
3.01
3.08
3.09
3.0
3.08
3.15
3.06
3.14
3.22
3.3
3.21
3.22
3.22
3.3
3.38
3.38
3.45
3.53
3.54
3.45
3.47
3.53
3.54
3.61
3.63
3.54
3.45
3.46
3.48
3.49
3.4
3.31
3.31
3.22
3.29
3.3
3.21
3.23
3.29
3.2
3.2
3.27
3.35
3.42
3.42
3.33
3.24
3.15
3.16
3.17
3.19
3.26
3.27
3.28
3.19
3.21
3.22
3.24
3.15
3.06
3.08
3.08
3.09
3.11
3.19
3.2
3.11
3.13
3.14
3.22
3.3
3.37
3.39
3.47
3.38
3.46
3.47
3.38
3.41
3.49
3.4
3.47
3.38
3.46
3.47
3.49
3.4
3.31
3.22
3.24
3.26
3.28
3.35
3.26
3.34
3.42
3.49
3.4
3.41
3.49
3.4
3.31
3.22
3.29
3.2
3.21
3.22
3.29
3.37
3.37
3.28
3.19
3.26
3.34
3.25
3.26
3.33
3.34
3.42
3.49
3.57
3.48
3.39
3.4
3.42
3.49
3.56
3.58
3.59
3.67
3.75
3.83
3.85
3.85
3.76
3.78
3.8
3.71
3.62
3.53
3.54
3.61
3.52
3.6
3.61
3.63
3.54
3.56
3.59
3.6
3.67
3.68
3.59
3.61
3.63
3.65
3.66
3.73
3.8
3.71
3.71
3.73
3.81
3.72
3.63
3.65
3.67
3.58
3.6
3.51
3.42
3.44
3.51
3.42
3.49
3.51
3.58
3.66
3.73
3.75
3.82
3.89
3.8
3.88
3.79
3.86
3.77
3.79
3.81
3.81
3.83
3.9
3.98
4.01
3.92
3.83
3.85
3.87
3.95
3.86
3.93
3.84
3.92
3.99
4.07
4.13
4.04
4.06
4.14
4.05
4.12
4.03
3.94
3.94
3.85
3.93
3.84
3.91
3.92
3.99
4.06
3.97
3.99
3.9
3.92
3.93
3.84
3.91
3.97
3.97
3.97
3.88
3.95
3.86
3.9
3.91
3.98
3.89
3.8
3.71
3.78
3.86
3.77
3.77
3.68
3.69
3.77
3.68
3.7
3.73
3.8
3.71
3.62
3.7
3.61
3.69
3.6
3.51
3.42
3.44
3.52
3.52
3.6
3.61
3.62
3.7
3.71
3.71
3.62
3.53
3.61
3.52
3.59
3.67
3.58
3.61
3.52
3.43
3.34
3.42
3.33
3.34
3.34
3.25
3.16
3.17
3.08
3.16
3.23
3.23
3.25
3.25
3.33
3.34
3.25
3.25
3.27
3.35
3.35
3.42
3.42
3.47
3.47
3.48
3.5
3.52
3.43
3.34
3.25
3.16
3.24
3.26
3.26
3.28
3.29
3.37
3.28
3.19
3.21
3.21
3.28
3.19
3.19
3.25
3.26
3.17
3.18
3.18
3.18
3.09
3.1
3.1
3.11
3.02
2.93
2.94
2.85
2.86
2.77
2.85
2.92
3.0
2.91
2.91
2.82
2.83
2.74
2.82
2.89
2.96
3.04
3.04
2.95
2.86
2.77
2.68
2.74
2.65
2.67
2.67
2.68
2.7
2.61
2.52
2.59
2.5
2.53
2.53
2.54
2.62
2.64
2.55
2.56
2.47
2.38
2.39
2.39
2.46
2.37
2.39
2.46
2.46
2.37
2.37
2.28
2.36
2.43
2.51
2.51
2.52
2.54
2.56
2.57
2.64
2.72
2.79
2.7
2.61
2.61
2.61
2.63
2.54
2.45
2.53
2.61
2.52
2.43
2.34
2.41
2.49
2.4
2.4
2.31
2.22
2.23
2.24
2.25
2.25
2.16
2.18
2.18
2.25
2.27
2.28
2.19
2.21
2.12
2.13
2.14
2.15
2.23
2.24
2.15
2.06
2.08
2.1
2.12
2.2
2.28
2.36
2.43
2.34
2.41
2.32
2.4
2.41
2.42
2.45
2.47
2.48
2.55
2.55
2.57
2.57
2.65
2.71
2.73
2.73
2.64
2.65
2.56
2.57
2.63
2.63
2.7
2.78
2.8
2.87
2.78
2.69
2.71
2.78
2.8
2.88
2.95
2.86
2.93
2.94
2.95
3.03
3.04
3.12
3.03
3.1
3.1
3.18
3.19
3.1
3.17
3.08
2.99
3.0
3.0
2.91
2.98
2.98
2.99
3.0
3.01
2.92
2.94
3.01
3.03
3.11
3.12
3.03
3.1
3.11
3.02
3.1
3.18
3.2
3.21
3.28
3.35
3.37
3.44
3.52
3.6
3.67
3.58
3.6
3.67
3.75
3.83
3.9
3.98
3.89
3.8
3.71
3.78
3.86
3.94
3.85
3.76
3.84
3.85
3.76
3.78
3.79
3.7
3.72
3.63
3.65
3.67
3.58
3.66
3.67
3.58
3.58
3.59
3.59
3.6
3.68
3.59
3.66
3.67
3.69
3.72
3.8
3.71
3.62
3.64
3.66
3.74
3.82
3.73
3.81
3.82
3.73
3.79
3.87
3.78
3.85
3.87
3.94
3.96
3.87
3.87
3.88
3.89
3.97
3.99
3.9
3.98
3.89
3.8
3.82
3.84
3.75
3.66
3.69
3.76
3.67
3.75
3.66
3.68
3.69
3.6
3.67
3.74
3.82
3.84
3.86
3.94
3.85
3.76
3.82
3.83
3.9
3.98
4.06
3.97
4.05
4.07
3.98
3.99
3.9
3.91
3.98
3.89
3.8
3.81
3.89
3.8
3.82
3.73
3.64
3.55
3.46
3.54
3.62
3.69
3.7
3.61
3.63
3.54
3.45
3.52
3.59
3.62
3.53
3.6
3.61
3.62
3.63
3.63
3.64
3.55
3.46
3.47
3.54
3.62
3.69
3.6
3.61
3.63
3.54
3.45
3.45
3.36
3.37
3.44
3.44
3.35
3.26
3.27
3.29
3.31
3.33
3.24
3.15
3.06
3.14
3.21
3.21
3.23
3.14
3.05
2.96
3.04
2.95
2.98
2.98
3.05
3.07
2.98
2.89
2.8
2.82
2.73
2.8
2.82
2.9
2.9
2.91
2.97
2.98
2.99
3.02
3.09
3.16
3.17
3.24
3.15
3.21
3.12
3.2
3.21
3.12
3.03
3.11
3.18
3.09
3.0
3.08
2.99
3.01
3.03
3.09
3.11
3.12
3.13
3.04
3.04
2.95
2.97
3.05
3.12
3.2
3.11
3.14
3.16
3.17
3.23
3.3
3.21
3.23
3.25
3.27
3.34
3.36
3.43
3.34
3.4
3.48
3.56
3.47
3.54
3.56
3.64
3.55
3.63
3.64
3.55
3.58
3.49
3.4
3.42
3.49
3.56
3.64
3.72
3.63
3.71
3.73
3.74
3.65
3.56
3.64
3.71
3.62
3.69
3.76
3.78
3.69
3.71
3.62
3.69
3.7
3.61
3.68
3.76
3.83
3.83
3.74
3.65
3.56
3.57
3.57
3.59
3.5
3.51
3.59
3.65
3.56
3.47
3.49
3.4
3.4
3.41
3.32
3.23
3.3
3.37
3.45
3.47
3.38
3.4
3.31
3.22
3.29
3.3
3.32
3.23
3.25
3.16
3.23
3.25
3.16
3.07
3.08
3.15
3.23
3.14
3.05
3.12
3.19
3.2
3.28
3.19
3.1
3.18
3.2
3.11
3.18
3.18
3.09
3.0
2.91
2.93
2.84
2.75
2.83
2.9
2.97
2.88
2.95
2.96
2.97
2.88
2.9
2.81
2.82
2.83
2.74
2.82
2.83
2.85
2.86
2.77
2.85
2.85
2.76
2.77
2.79
2.81
2.83
2.74
2.74
2.76
2.76
2.78
2.78
2.69
2.69
2.6
2.61
2.68
2.59
2.59
2.6
2.62
2.64
2.72
2.75
2.76
2.76
2.67
2.69
2.76
2.83
2.74
2.65
2.73
2.75
2.66
2.68
2.68
2.69
2.72
2.79
2.81
2.72
2.63
2.71
2.62
2.63
2.54
2.57
2.48
2.39
2.41
2.41
2.43
2.34
2.42
2.5
2.56
2.47
2.38
2.46
2.53
2.6
2.51
2.58
2.58
2.6
2.51
2.53
2.61
2.63
2.64
2.66
2.67
2.74
2.81
2.83
2.74
2.65
2.72
2.63
2.63
2.7
2.61
2.63
2.54
2.54
2.45
2.52
2.52
2.43
2.49
2.56
2.63
2.65
2.73
2.75
2.82
2.84
2.84
2.85
2.92
2.92
2.99
3.0
3.07
3.07
3.09
3.0
2.91
2.91
2.98
3.0
2.91
2.99
3.0
3.08
3.09
3.0
3.02
3.09
3.11
3.13
3.21
3.23
3.14
3.22
3.29
3.2
3.27
3.18
3.09
3.11
3.19
3.21
3.29
3.29
3.37
3.4
3.48
3.55
3.62
3.7
3.72
3.63
3.7
3.71
3.79
3.8
3.87
3.88
3.79
3.7
3.77
3.85
3.86
3.77
3.83
3.74
3.77
3.78
3.86
3.94
3.95
3.97
3.88
3.9
3.98
4.06
4.08
3.99
3.9
3.98
3.89
3.8
3.87
3.78
3.69
3.76
3.67
3.58
3.65
3.56
3.58
3.66
3.73
3.75
3.66
3.67
3.58
3.65
3.56
3.47
3.38
3.45
3.36
3.43
3.44
3.51
3.52
3.53
3.54
3.45
3.46
3.54
3.56
3.56
3.58
3.49
3.51
3.58
3.65
3.66
3.68
3.75
3.66
3.57
3.59
3.61
3.69
3.6
3.63
3.54
3.62
3.53
3.6
3.51
3.42
3.48
3.56
3.47
3.48
3.5
3.58
3.49
3.4
3.41
3.32
3.33
3.41
3.41
3.43
3.49
3.52
3.43
3.51
3.52
3.54
3.56
3.47
3.55
3.63
3.65
3.68
3.7
3.61
3.52
3.43
3.5
3.51
3.58
3.59
3.61
3.63
3.64
3.72
3.63
3.54
3.55
3.62
3.63
3.64
3.55
3.63
3.64
3.55
3.55
3.46
3.37
3.44
3.44
3.45
3.36
3.42
3.44
3.46
3.46
3.54
3.45
3.53
3.61
3.62
3.53
3.54
3.62
3.53
3.61
3.52
3.54
3.45
3.36
3.43
3.45
3.46
3.37
3.38
3.39
3.46
3.53
3.44
3.35
3.43
3.51
3.42
3.33
3.4
3.31
3.22
3.24
3.15
3.06
3.07
2.98
3.01
3.08
3.09
3.0
3.08
3.1
3.18
3.09
3.1
3.12
3.03
3.04
3.05
2.96
2.97
3.04
3.11
3.02
2.93
3.01
3.08
3.09
3.16
3.18
3.25
3.16
3.17
3.08
3.16
3.18
3.25
3.16
3.17
3.08
3.15
3.16
3.17
3.25
3.33
3.24
3.26
3.28
3.3
3.37
3.43
3.34
3.25
3.32
3.23
3.3
3.38
3.29
3.36
3.42
3.44
3.46
3.54
3.56
3.64
3.66
3.73
3.64
3.66
3.57
3.48
3.39
3.3
3.31
3.33
3.24
3.25
3.16
3.23
3.23
3.25
3.16
3.24
3.26
3.33
3.4
3.48
3.39
3.41
3.32
3.23
3.24
3.15
3.23
3.31
3.22
3.13
3.15
3.16
3.07
2.98
3.0
3.07
2.98
2.89
2.91
2.82
2.73
2.75
2.66
2.57
2.48
2.55
2.56
2.58
2.65
2.73
2.81
2.88
2.96
3.03
3.05
3.13
3.04
3.06
2.97
2.88
2.79
2.7
2.77
2.79
2.7
2.77
2.84
2.91
2.93
2.84
2.91
2.99
3.01
3.09
3.11
3.13
3.21
3.22
3.23
3.14
3.05
3.08
3.15
3.16
3.07
3.14
3.05
3.13
3.16
3.18
3.25
3.16
3.23
3.26
3.17
3.08
3.09
3.17
3.2
3.27
3.3
3.21
3.21
3.12
3.03
3.1
3.16
3.07
3.15
3.06
2.97
2.88
2.88
2.95
2.96
3.02
3.1
3.11
3.17
3.08
3.16
3.16
3.17
3.19
3.1
3.01
3.02
3.1
3.17
3.24
3.26
3.26
3.27
3.29
3.2
3.27
3.18
3.09
3.0
3.02
2.93
2.95
3.03
3.05
3.12
3.19
3.1
3.01
2.92
2.83
2.84
2.91
2.94
2.96
3.03
3.04
2.95
2.86
2.93
2.94
2.97
3.05
3.13
3.04
2.95
3.02
3.05
3.13
3.04
3.12
3.18
3.09
3.0
3.07
3.14
3.05
3.05
3.07
3.1
3.11
3.02
3.04
3.05
3.12
3.13
3.2
3.22
3.13
3.14
3.16
3.07
3.08
2.99
2.9
2.9
2.96
3.04
3.12
3.2
3.2
3.2
3.2
3.11
3.02
3.03
3.1
3.18
3.19
3.26
3.33
3.34
3.25
3.16
3.07
2.98
3.05
3.07
2.98
3.05
3.12
3.2
3.11
3.12
3.15
3.16
3.19
3.19
3.1
3.17
3.18
3.26
3.34
3.25
3.16
3.24
3.26
3.28
3.36
3.27
3.34
3.41
3.42
3.33
3.35
3.36
3.44
3.35
3.26
3.29
3.2
3.28
3.36
3.37
3.28
3.34
3.35
3.26
3.33
3.39
3.47
3.55
3.57
3.59
3.5
3.52
3.6
3.51
3.42
3.33
3.39
3.47
3.38
3.46
3.37
3.45
3.45
3.46
3.47
3.38
3.39
3.4
3.41
3.32
3.23
3.26
3.28
3.34
3.42
3.33
3.4
3.47
3.48
3.54
3.56
3.47
3.38
3.45
3.53
3.44
3.51
3.53
3.44
3.46
3.47
3.55
3.63
3.54
3.62
3.7
3.61
3.52
3.53
3.6
3.6
3.61
3.62
3.53
3.44
3.35
3.26
3.17
3.17
3.24
3.31
3.39
3.47
3.48
3.55
3.56
3.47
3.49
3.4
3.31
3.39
3.3
3.37
3.28
3.35
3.26
3.26
3.33
3.24
3.25
3.27
3.27
3.35
3.26
3.34
3.25
3.16
3.23
3.31
3.31
3.31
3.22
3.23
3.24
3.24
3.15
3.17
3.18
3.09
3.0
3.02
2.93
2.95
2.96
2.87
2.89
2.95
2.86
2.77
2.68
2.76
2.83
2.74
2.75
2.76
2.79
2.85
2.87
2.94
2.85
2.76
2.67
2.74
2.65
2.72
2.63
2.63
2.63
2.54
2.62
2.62
2.64
2.55
2.55
2.46
2.46
2.54
2.54
2.54
2.55
2.55
2.57
2.57
2.65
2.66
2.68
2.75
2.66
2.57
2.57
2.59
2.5
2.51
2.59
2.61
2.63
2.71
2.72
2.63
2.65
2.56
2.47
2.55
2.46
2.37
2.38
2.46
2.37
2.39
2.3
2.31
2.22
2.29
2.2
2.22
2.13
2.2
2.28
2.3
2.38
2.29
2.35
2.42
2.49
2.51
2.42
2.33
2.34
2.35
2.42
2.43
2.44
2.35
2.35
2.26
2.34
2.42
2.44
2.51
2.59
2.61
2.61
2.69
2.69
2.7
2.61
2.62
2.64
2.71
2.78
2.85
2.93
2.93
2.94
3.02
3.02
2.93
2.93
2.93
3.0
3.0
3.07
3.13
3.15
3.06
3.07
3.09
3.0
3.08
3.08
3.08
3.16
3.07
2.98
3.05
3.06
3.06
2.97
2.97
2.97
2.88
2.79
2.7
2.71
2.72
2.74
2.82
2.84
2.75
2.66
2.68
2.76
2.67
2.68
2.68
2.59
2.61
2.52
2.59
2.61
2.52
2.54
2.45
2.46
2.37
2.4
2.4
2.42
2.5
2.5
2.5
2.41
2.48
2.5
2.41
2.43
2.44
2.51
2.42
2.42
2.33
2.34
2.41
2.41
2.48
2.48
2.55
2.56
2.56
2.57
2.6
2.61
2.69
2.76
2.84
2.75
2.66
2.68
2.68
2.76
2.78
2.8
2.81
2.87
2.89
2.96
2.87
2.89
2.8
2.87
2.87
2.95
2.95
2.96
3.04
2.95
2.95
2.95
2.97
3.03
3.04
3.12
3.19
3.26
3.28
3.3
3.3
3.32
3.4
3.47
3.54
3.55
3.55
3.62
3.69
3.76
3.67
3.67
3.58
3.66
3.67
3.74
3.65
3.72
3.72
3.79
3.7
3.78
3.69
3.6
3.51
3.42
3.33
3.33
3.35
3.36
3.38
3.38
3.29
3.2
3.28
3.31
3.22
3.13
3.2
3.2
3.2
3.11
3.02
2.93
3.01
2.92
2.83
2.84
2.84
2.84
2.9
2.81
2.81
2.84
2.75
2.75
2.76
2.84
2.75
2.77
2.78
2.8
2.8
2.88
2.88
2.88
2.9
2.92
2.93
2.84
2.9
2.98
3.05
3.07
3.14
3.14
3.16
3.17
3.08
3.15
3.06
2.97
2.88
2.96
2.98
3.06
3.07
2.98
2.98
2.89
2.91
2.91
2.82
2.9
2.91
2.92
2.93
2.84
2.86
2.94
2.85
2.76
2.67
2.7
2.61
2.52
2.53
2.44
2.51
2.42
2.33
2.33
2.24
2.26
2.28
2.29
2.29
2.3
2.31
2.33
2.33
2.33
2.34
2.41
2.42
2.33
2.41
2.42
2.5
2.57
2.65
2.56
2.57
2.6
2.6
2.62
2.7
2.7
2.61
2.52
2.53
2.54
2.62
2.68
2.7
2.61
2.52
2.54
2.56
2.63
2.64
2.72
2.8
2.87
2.95
2.86
2.93
3.0
2.91
2.82
2.83
2.86
2.93
3.01
3.09
3.0
2.91
2.99
3.06
3.07
3.09
3.1
3.13
3.04
3.05
3.06
3.08
3.15
3.15
3.22
3.13
3.04
3.04
3.05
2.96
3.02
3.03
2.94
2.96
2.87
2.9
2.91
2.93
3.01
3.09
3.0
3.01
3.02
3.04
3.12
3.19
3.1
3.17
3.2
3.22
3.3
3.21
3.22
3.29
3.2
3.28
3.3
3.37
3.28
3.36
3.37
3.39
3.41
3.47
3.49
3.55
3.57
3.64
3.72
3.79
3.7
3.61
3.63
3.54
3.61
3.69
3.7
3.77
3.85
3.86
3.93
3.94
3.97
3.88
3.96
3.87
3.89
3.95
4.03
4.11
4.02
4.1
4.12
4.03
4.1
4.18
4.09
4.0
4.02
3.93
4.01
4.03
4.1
4.17
4.25
4.16
4.07
3.98
4.04
4.11
4.02
4.1
4.01
4.04
4.11
4.12
4.03
4.05
4.06
3.97
4.05
3.96
3.87
3.89
3.8
3.71
3.72
3.63
3.64
3.65
3.72
3.74
3.65
3.73
3.75
3.66
3.57
3.59
3.5
3.51
3.59
3.6
3.62
3.7
3.61
3.69
3.71
3.62
3.53
3.6
3.61
3.52
3.58
3.49
3.57
3.64
3.66
3.74
3.81
3.89
3.8
3.87
3.94
3.85
3.76
3.79
3.86
3.77
3.68
3.59
3.6
3.67
3.68
3.75
3.66
3.68
3.59
3.67
3.58
3.49
3.57
3.59
3.59
3.61
3.68
3.59
3.6
3.63
3.7
3.76
3.67
3.74
3.65
3.67
3.67
3.75
3.82
3.73
3.64
3.65
3.66
3.74
3.82
3.89
3.8
3.81
3.88
3.96
3.87
3.89
3.97
3.98
3.89
3.96
4.03
3.94
4.0
4.01
4.02
3.93
4.01
4.09
4.17
4.08
3.99
4.06
4.07
3.98
3.89
3.95
3.97
3.98
4.05
4.12
4.03
4.04
4.06
3.97
4.05
4.06
4.07
3.98
3.98
3.98
4.06
3.97
3.88
3.88
3.89
3.8
3.88
3.89
3.8
3.87
3.78
3.79
3.87
3.95
3.86
3.87
3.95
3.86
3.77
3.68
3.69
3.7
3.61
3.62
3.63
3.71
3.79
3.7
3.72
3.74
3.65
3.56
3.47
3.49
3.4
3.31
3.39
3.46
3.37
3.44
3.35
3.26
3.17
3.18
3.09
3.11
3.12
3.2
3.11
3.02
2.93
3.0
3.0
2.91
2.92
2.94
2.85
2.93
2.94
2.96
2.87
2.95
2.86
2.94
2.94
2.96
3.03
3.04
3.11
3.19
3.1
3.1
3.11
3.19
3.1
3.01
3.02
3.03
2.94
2.95
2.97
2.97
2.98
2.89
2.92
2.92
2.98
2.89
2.91
2.92
2.83
2.91
2.99
3.0
3.01
3.09
3.1
3.01
2.92
2.92
2.94
3.01
3.08
3.09
3.17
3.19
3.27
3.18
3.2
3.11
3.13
3.2
3.28
3.36
3.27
3.18
3.26
3.33
3.4
3.47
3.38
3.38
3.4
3.31
3.31
3.38
3.29
3.3
3.32
3.4
3.47
3.38
3.39
3.46
3.52
3.43
3.34
3.42
3.5
3.57
3.59
3.66
3.67
3.69
3.69
3.77
3.68
3.69
3.6
3.61
3.52
3.59
3.5
3.5
3.41
3.49
3.56
3.63
3.65
3.56
3.47
3.49
3.51
3.42
3.33
3.24
3.26
3.33
3.35
3.43
3.34
3.25
3.27
3.18
3.19
3.26
3.34
3.34
3.34
3.41
3.43
3.44
3.45
3.47
3.55
3.57
3.59
3.61
3.63
3.64
3.64
3.55
3.46
3.53
3.44
3.52
3.6
3.67
3.74
3.65
3.73
3.74
3.65
3.72
3.8
3.71
3.73
3.75
3.66
3.57
3.58
3.66
3.73
3.75
3.78
3.69
3.77
3.68
3.59
3.5
3.41
3.43
3.51
3.42
3.43
3.46
3.54
3.45
3.46
3.37
3.28
3.19
3.21
3.22
3.29
3.36
3.27
3.33
3.4
3.48
3.5
3.41
3.42
3.43
3.34
3.41
3.48
3.5
3.51
3.53
3.59
3.5
3.41
3.43
3.34
3.25
3.33
3.36
3.37
3.39
3.4
3.42
3.5
3.57
3.48
3.55
3.63
3.64
3.55
3.46
3.54
3.61
3.62
3.63
3.71
3.62
3.7
3.61
3.62
3.69
3.6
3.51
3.59
3.5
3.57
3.48
3.49
3.4
3.42
3.33
3.24
3.25
3.33
3.41
3.42
3.44
3.45
3.36
3.27
3.18
3.19
3.27
3.3
3.38
3.29
3.2
3.21
3.22
3.23
3.3
3.21
3.23
3.14
3.14
3.15
3.21
3.21
3.12
3.14
3.15
3.22
3.24
3.15
3.18
3.09
3.0
2.91
2.82
2.73
2.64
2.55
2.62
2.65
2.56
2.64
2.71
2.79
2.86
2.87
2.89
2.91
2.82
2.82
2.84
2.92
2.83
2.9
2.92
2.95
3.02
2.93
3.01
2.92
2.83
2.74
2.77
2.85
2.93
2.94
2.97
2.99
3.01
3.07
3.15
3.17
3.24
3.25
3.27
3.18
3.2
3.11
3.18
3.24
3.15
3.22
3.23
3.14
3.16
3.22
3.29
3.29
3.37
3.38
3.46
3.54
3.56
3.64
3.55
3.63
3.64
3.55
3.46
3.47
3.54
3.45
3.36
3.37
3.44
3.35
3.43
3.45
3.36
3.44
3.51
3.58
3.59
3.66
3.74
3.76
3.83
3.83
3.74
3.82
3.84
3.84
