4.5925
4.55
4.53
4.5
4.5325
4.5325
4.5075
4.5125
4.5125
4.51
4.49
4.48
4.5175
4.525
4.52
4.515
4.51
4.52
4.535
4.4925
4.52
4.525
4.535
4.525
4.5225
4.48
4.4925
4.4925
4.4975
4.5275
4.5275
4.5075
4.525
4.5025
4.505
4.475
4.465
4.4275
4.43
4.4025
4.4025
4.385
4.4075
4.43
4.445
4.46
4.4625
4.485
4.475
4.4975
4.455
4.465
4.4775
4.505
4.4725
4.45
4.48
4.505
4.53
4.5025
4.5075
4.5125
4.515
4.5225
4.5025
4.495
4.4725
4.44
4.4225
4.41
4.3825
4.375
4.37
4.35
4.3275
4.345
4.3475
4.3325
4.31
4.3375
4.3
4.2975
4.2875
4.275
4.26
4.225
4.27
4.2475
4.255
4.2175
4.205
4.2275
4.2325
4.2425
4.2525
4.2325
4.22
4.19
4.1675
4.1825
4.15
4.1225
4.115
4.1225
4.07
4.04
4.015
4.02
4.0275
4.0325
4.0475
4.04
4.0625
4.0725
4.065
4.0375
4.065
4.0675
4.055
4.0575
4.0425
4.05
4.0525
4.0675
4.065
4.0775
4.085
4.035
4.015
4.02
4.025
3.995
4.0
4.005
3.9675
3.9675
3.9675
3.965
3.9375
3.955
3.9525
3.955
3.9425
3.9125
3.9225
3.8875
3.8475
3.8625
3.845
3.8625
3.8325
3.86
3.82
3.815
3.795
3.775
3.7625
3.7425
3.76
3.7625
3.71
3.7525
3.7225
3.7275
3.7425
3.71
3.6975
3.72
3.7325
3.7025
3.6825
3.715
3.71
3.6775
3.695
3.7175
3.7425
3.7025
3.7025
3.7
3.7275
3.7
3.705
3.73
3.7175
3.69
3.6875
3.67
3.69
3.67
3.6475
3.6225
3.6025
3.5725
3.565
3.58
3.5925
3.555
3.5225
3.53
3.55
3.5725
3.595
3.5925
3.6075
3.62
3.62
3.635
3.625
3.6425
3.61
3.595
3.6175
3.6275
3.635
3.6175
3.6125
3.5825
3.595
3.625
3.645
3.6525
3.6675
3.68
3.6925
3.71
3.705
3.7025
3.68
3.67
3.68
3.685
3.6475
3.645
3.6675
3.6625
3.6575
3.6825
3.7
3.6875
3.7
3.68
3.6725
3.6725
3.6925
3.715
3.68
3.705
3.695
3.675
3.675
3.645
3.6725
3.6825
3.7
3.7125
3.7375
3.7375
3.76
3.7625
3.7525
3.7375
3.73
3.695
3.7025
3.6975
3.6375
3.635
3.6475
3.6775
3.6825
3.7025
3.6875
3.695
3.7175
3.6675
3.6675
3.6675
3.67
3.665
3.6525
3.66
3.675
3.6425
3.6325
3.645
3.6575
3.66
3.6875
3.68
3.67
3.6775
3.6575
3.6775
3.67
3.68
3.685
3.6625
3.635
3.665
3.6725
3.6525
3.6225
3.635
3.635
3.61
3.635
3.6125
3.5925
3.5925
3.6075
3.5975
3.605
3.59
3.605
3.615
3.5875
3.585
3.6125
3.5975
3.58
3.5625
3.5725
3.5775
3.5575
3.575
3.56
3.535
3.55
3.5225
3.535
3.5475
3.54
3.58
3.58
3.59
3.5725
3.5775
3.5525
3.56
3.555
3.5575
3.5475
3.5
3.5075
3.495
3.525
3.5125
3.54
3.5375
3.525
3.5575
3.565
3.55
3.58
3.585
3.585
3.5975
3.595
3.62
3.6425
3.655
3.685
3.71
3.6975
3.715
3.715
3.72
3.7325
3.7425
3.715
3.695
3.6975
3.7025
3.73
3.7375
3.7325
3.7125
3.735
3.7475
3.7475
3.7325
3.7425
3.74
3.72
3.725
3.6875
3.6925
3.695
3.7225
3.7475
3.735
3.73
3.705
3.7
3.6725
3.665
3.67
3.6975
3.715
3.735
3.75
3.765
3.755
3.715
3.6975
3.69
3.685
3.695
3.725
3.74
3.7075
3.7325
3.7225
3.72
3.68
3.7025
3.7
3.6925
3.66
3.6875
3.6925
3.705
3.7225
3.695
3.7125
3.695
3.68
3.67
3.6825
3.6675
3.6775
3.7075
3.695
3.6975
3.6775
3.6875
3.6825
3.68
3.6625
3.685
3.69
3.6975
3.71
3.675
3.6925
3.7325
3.745
3.77
3.7525
3.7525
3.77
3.78
3.76
3.76
3.7725
3.805
3.7725
3.7725
3.7775
3.7975
3.785
3.8
3.775
3.7525
3.785
3.8
3.8125
3.8375
3.8475
3.865
3.87
3.8525
3.86
3.865
3.895
3.9325
3.9625
3.9575
3.9375
3.8975
3.9
3.92
3.93
3.935
3.935
3.95
3.9775
3.9575
3.9625
3.9375
3.8875
3.865
3.8725
3.885
3.89
3.895
3.8725
3.8725
3.88
3.88
3.89
3.885
3.8625
3.8475
3.8525
3.8775
3.86
3.8625
3.8725
3.865
3.8575
3.865
3.8825
3.865
3.8275
3.815
3.83
3.8175
3.8225
3.8225
3.8325
3.8475
3.8625
3.8675
3.885
3.85
3.845
3.8475
3.835
3.8325
3.8525
3.87
3.8675
3.8475
3.815
3.81
3.805
3.8525
3.83
3.8475
3.81
3.83
3.8175
3.8375
3.8525
3.865
3.845
3.865
3.9125
3.905
3.865
3.8825
3.8325
3.845
3.87
3.8925
3.905
3.8875
3.85
3.8375
3.87
3.895
3.915
3.88
3.855
3.8575
3.8425
3.8675
3.855
3.845
3.8525
3.8575
3.8875
3.8575
3.8525
3.815
3.8325
3.825
3.82
3.835
3.8175
3.83
3.8375
3.82
3.8275
3.8475
3.87
3.8575
3.8775
3.8925
3.9
3.91
3.9075
3.915
3.9175
3.9075
3.8975
3.9275
3.9575
3.9375
3.9
3.9
3.905
3.9
3.895
3.895
3.8725
3.88
3.8775
3.86
3.8675
3.855
3.845
3.82
3.85
3.8875
3.8475
3.8125
3.84
3.8625
3.8375
3.8725
3.895
3.88
3.9
3.8925
3.9
3.9025
3.925
3.9275
3.955
3.9675
3.95
3.94
3.9525
3.95
3.93
3.96
3.9525
3.9575
3.9825
3.9625
3.9775
3.96
3.9875
3.985
4.005
3.99
4.025
4.0425
4.0275
4.0375
4.0425
4.025
4.04
4.0575
4.0625
4.0825
4.085
4.045
4.075
4.05
4.055
4.075
4.095
4.0925
4.1175
4.1075
4.0975
4.0575
4.015
4.0225
3.985
3.985
3.98
3.9825
3.9775
3.9875
3.995
3.985
4.0025
4.0225
4.0625
4.0325
4.0075
4.0175
3.9925
3.9875
4.0175
4.0325
4.01
4.0125
3.99
3.98
3.955
3.965
3.98
3.97
4.005
4.0075
4.025
3.995
3.96
3.94
3.9425
3.915
3.91
3.88
3.9
3.9225
3.935
3.9325
3.9475
3.9525
3.9475
3.9575
3.9825
3.99
4.0325
4.0275
4.0175
4.0
4.005
3.9875
3.9825
4.0
3.9875
3.9975
4.02
4.0175
3.985
3.9775
4.005
4.0225
4.0525
4.0625
4.05
4.025
4.01
3.985
4.0175
4.025
4.0325
4.0325
4.025
4.02
4.01
4.0275
4.0425
4.0475
4.0575
4.085
4.1075
4.1
4.1125
4.125
4.1
4.115
4.1325
4.155
4.17
4.195
4.2075
4.215
4.2325
4.205
4.1825
4.175
4.1975
4.2025
4.2
4.1725
4.2025
4.185
4.2025
4.19
4.1825
4.205
4.205
4.21
4.235
4.22
4.225
4.2475
4.2225
4.2325
4.245
4.2725
4.285
4.2625
4.24
4.265
4.2375
4.2425
4.225
4.215
4.2325
4.225
4.2225
4.2
4.1975
4.2075
4.2125
4.175
4.1475
4.1425
4.1475
4.1625
4.1275
4.14
4.1475
4.1725
4.1475
4.1125
4.155
4.1025
4.115
4.105
4.13
4.14
4.135
4.1525
4.1625
4.1875
4.1975
4.15
4.1925
4.165
4.1675
4.1475
4.165
4.175
4.2175
4.2075
4.2275
4.22
4.1975
4.1775
4.145
4.15
4.15
4.125
4.1075
4.09
4.1075
4.075
4.1
4.11
4.1325
4.15
4.135
4.175
4.2025
4.21
4.2175
4.185
4.1475
4.15
4.165
4.1875
4.155
4.1225
4.14
4.145
4.125
4.1125
4.1375
4.115
4.12
4.1275
4.15
4.1575
4.14
4.1425
4.1225
4.1475
4.1275
4.155
4.1925
4.2
4.22
4.23
4.24
4.2175
4.2075
4.225
4.235
4.23
4.1975
4.2125
4.2225
4.235
4.2075
4.1925
4.2325
4.245
4.22
4.23
4.25
4.2325
4.225
4.2475
4.235
4.235
4.2525
4.2575
4.2425
4.2175
4.2225
4.2175
4.1825
4.1875
4.1625
4.14
4.1575
4.14
4.105
4.12
4.13
4.135
4.1225
4.0925
4.065
4.07
4.035
4.0275
4.025
4.0425
4.0225
4.01
4.0375
4.02
3.9975
4.0
3.98
3.98
3.97
3.9875
3.9975
4.01
3.9875
4.0075
3.96
3.9625
3.9925
4.0175
3.9875
3.99
3.9725
3.93
3.9075
3.8875
3.8975
3.925
3.94
3.9225
3.9125
3.9025
3.905
3.89
3.9
3.9075
3.9025
3.9075
3.93
3.9125
3.91
3.8825
3.8975
3.8775
3.8575
3.8275
3.8225
3.8175
3.8075
3.825
3.8425
3.83
3.785
3.7725
3.8175
3.8025
3.7825
3.7975
3.8175
3.835
3.83
3.8025
3.79
3.7975
3.795
3.7975
3.815
3.81
3.8375
3.835
3.8525
3.845
3.825
3.8
3.805
3.7875
3.775
3.7825
3.75
3.7275
3.7425
3.7625
3.7625
3.7425
3.7525
3.7825
3.765
3.775
3.795
3.78
3.75
3.7325
3.7275
3.7375
3.7525
3.755
3.765
3.7625
3.795
3.7625
3.78
3.785
3.7475
3.7275
3.7475
3.7525
3.7825
3.765
3.7425
3.755
3.745
3.73
3.76
3.7225
3.7575
3.745
3.745
3.7575
3.7625
3.7775
3.78
3.7925
3.8
3.835
3.8275
3.7975
3.805
3.8225
3.8375
3.8525
3.85
3.8325
3.82
3.84
3.8775
3.89
3.86
3.87
3.8775
3.8525
3.8575
3.8575
3.885
3.865
3.9
3.9125
3.9
3.875
3.8825
3.8825
3.855
3.885
3.8625
3.875
3.88
3.885
3.895
3.8975
3.9175
3.9175
3.9275
3.9075
3.8825
3.925
3.9425
3.9125
3.9375
3.9475
3.9525
3.9875
3.99
4.0
3.9875
4.005
4.02
4.01
4.015
4.025
4.0525
4.0625
4.0925
4.1
4.1025
4.0975
4.0825
4.095
4.0775
4.12
4.0825
4.0625
4.0975
4.1125
4.1175
4.1225
4.1
4.125
4.1125
4.1325
4.155
4.1625
4.1775
4.1925
4.1825
4.165
4.165
4.195
4.18
4.18
4.1925
4.225
4.245
4.2275
4.2575
4.255
4.2325
4.2425
4.215
4.2125
4.175
4.1775
4.155
4.1425
4.1475
4.1275
4.1275
4.15
4.18
4.195
4.18
4.185
4.17
4.1875
4.1925
4.1825
4.1875
4.2
4.215
4.235
4.21
4.2225
4.2475
4.245
4.2
4.2175
4.21
4.21
4.2
4.2175
4.1875
4.2175
4.2025
4.2225
4.185
4.2025
4.2475
4.25
4.27
4.2875
4.3175
4.29
4.255
4.235
4.24
4.21
4.2675
4.29
4.2825
4.29
4.285
4.3025
4.33
4.3275
4.3075
4.295
4.2925
4.255
4.265
4.2825
4.2875
4.305
4.3175
4.2875
4.2875
4.28
4.295
4.3025
4.3075
4.2825
4.295
4.2975
4.305
4.285
4.3125
4.32
4.3175
4.3475
4.3625
4.385
4.3475
4.34
4.2975
4.2825
4.3125
4.3325
4.3125
4.31
4.285
4.2925
4.3075
4.33
4.3075
4.2825
4.24
4.2325
4.2575
4.255
4.26
4.2875
4.2675
4.2825
4.325
4.3325
4.3175
4.3225
4.315
4.29
4.2625
4.2625
4.2775
4.2975
4.33
4.33
4.34
4.3175
4.36
4.3525
4.385
4.42
4.385
4.39
4.4325
4.3775
4.405
4.3825
4.365
4.365
4.3775
4.375
4.375
4.3425
4.3125
4.2925
4.2675
4.29
4.2625
4.3075
4.325
4.3075
4.3
4.3
4.2775
4.295
4.315
4.315
4.2875
4.2975
4.275
4.2825
4.2925
4.3125
4.325
4.2925
4.29
4.2825
4.2875
4.2625
4.2675
4.2425
4.2325
4.2175
4.205
4.2275
4.2325
4.2325
4.21
4.2525
4.2825
4.2775
4.2775
4.2725
4.28
4.2475
4.245
4.26
4.235
4.215
4.2275
4.25
4.255
4.2225
4.2325
4.22
4.18
4.15
4.155
4.1825
4.18
4.2
4.1725
4.1425
4.105
4.125
4.11
4.1075
4.07
4.0775
4.0575
4.0725
4.04
4.0675
4.0825
4.075
4.0675
4.0725
4.0675
4.075
4.0775
4.0825
4.04
4.015
4.0375
4.0175
3.975
3.9775
3.9675
3.975
3.97
3.9475
3.97
4.0
4.0225
4.0225
4.03
4.05
4.0725
4.0975
4.09
4.0725
4.075
4.1
4.07
4.035
4.05
4.0375
4.0625
4.0475
4.0225
4.03
4.0625
4.0625
4.07
4.0875
4.0925
4.1
4.13
4.11
4.11
4.0875
4.0825
4.05
4.0475
4.0375
4.0475
4.045
4.0575
4.05
4.0625
4.04
4.065
4.0875
4.06
4.0775
4.085
4.115
4.1275
4.155
4.14
4.13
4.09
4.115
4.135
4.155
4.1525
4.16
4.185
4.16
4.1775
4.2025
4.225
4.205
4.2075
4.1725
4.175
4.185
4.16
4.155
4.18
4.165
4.135
4.135
4.135
4.165
4.1775
4.1925
4.2
4.2025
4.165
4.145
4.1225
4.14
4.1325
4.1025
4.0725
4.0975
4.07
4.065
4.0975
4.1
4.06
4.0625
4.0475
4.0575
4.055
4.0725
4.0525
4.06
4.085
4.09
4.065
4.02
4.0425
4.045
4.06
4.07
4.0675
4.0925
4.11
4.085
4.095
4.1025
4.1175
4.1275
4.1
4.115
4.13
4.1475
4.125
4.0775
4.09
4.0875
4.0725
4.0775
4.0875
4.0925
4.045
4.04
4.06
4.1
4.1125
4.105
4.125
