4.415
4.4125
4.4425
4.3775
4.41
4.405
4.4125
4.3825
4.385
4.365
4.3475
4.3525
4.3575
4.325
4.365
4.3675
4.3725
4.3575
4.395
4.39
4.41
4.4075
4.4225
4.4325
4.4075
4.43
4.415
4.385
4.4
4.405
4.425
4.41
4.4375
4.4175
4.3925
4.3475
4.3825
4.3675
4.3825
4.375
4.3275
4.36
4.4025
4.425
4.4375
4.4725
4.4575
4.475
4.5025
4.53
4.4925
4.485
4.475
4.4775
4.455
4.49
4.5
4.4925
4.51
4.4825
4.4625
4.4475
4.455
4.44
4.4125
4.39
4.39
4.3975
4.3725
4.375
4.405
4.4
4.42
4.37
4.3325
4.3125
4.3075
4.27
4.275
4.2825
4.2675
4.2775
4.2825
4.2425
4.235
4.2425
4.2575
4.29
4.26
4.225
4.2275
4.23
4.24
4.225
4.225
4.2275
4.245
4.2725
4.245
4.245
4.215
4.1975
4.1975
4.22
4.2425
4.225
4.2375
4.2525
4.2575
4.2925
4.285
4.3075
4.295
4.27
4.29
4.2825
4.255
4.265
4.2425
4.2525
4.2375
4.235
4.245
4.22
4.1875
4.1825
4.195
4.1825
4.1875
4.1675
4.1275
4.1225
4.085
4.0575
4.04
4.025
4.035
4.0325
4.0375
4.01
4.0025
3.9525
3.955
3.9475
3.9425
3.9125
3.9025
3.905
3.9275
3.955
3.9675
3.975
3.985
3.9675
3.97
3.9775
3.9775
3.9575
3.945
3.9775
3.9525
3.945
3.965
3.935
3.9425
3.935
3.9275
3.8825
3.8925
3.8675
3.89
3.9175
3.9075
3.925
3.9175
3.9225
3.9425
3.9525
3.9425
3.9225
3.95
3.9275
3.955
3.9875
4.0
3.985
4.0025
3.9975
3.9775
3.9775
3.9725
3.9575
3.9875
4.03
3.9925
4.0025
3.99
4.01
3.9925
3.955
3.9625
3.955
3.9325
3.8975
3.865
3.8425
3.84
3.8375
3.8475
3.8425
3.8375
3.7975
3.8175
3.8325
3.8375
3.8075
3.8275
3.785
3.7725
3.7875
3.8125
3.7925
3.7975
3.7825
3.7575
3.735
3.7325
3.75
3.72
3.7025
3.67
3.655
3.665
3.6575
3.6675
3.6625
3.6775
3.705
3.705
3.675
3.7125
3.7225
3.7175
3.7125
3.6875
3.7025
3.7275
3.7075
3.6775
3.695
3.68
3.6875
3.7225
3.7025
3.7125
3.7375
3.76
3.76
3.77
3.7575
3.7925
3.8075
3.79
3.8125
3.8275
3.825
3.82
3.765
3.7875
3.7625
3.7725
3.8
3.775
3.78
3.76
3.73
3.71
3.7125
3.68
3.6875
3.69
3.7125
3.7125
3.7175
3.7275
3.735
3.7225
3.7375
3.7475
3.77
3.7675
3.7925
3.7825
3.7925
3.7625
3.745
3.755
3.7375
3.74
3.725
3.6975
3.7175
3.69
3.72
3.69
3.7275
3.7375
3.735
3.765
3.7675
3.7675
3.795
3.8175
3.82
3.8175
3.825
3.845
3.84
3.83
3.83
3.83
3.8425
3.8725
3.87
3.8925
3.89
3.8575
3.845
3.87
3.8975
3.9025
3.895
3.91
3.8825
3.8675
3.865
3.86
3.83
3.8125
3.795
3.8
3.83
3.8325
3.83
3.81
3.785
3.8
3.84
3.8425
3.8425
3.85
3.8525
3.8575
3.81
3.7725
3.785
3.7675
3.7775
3.7725
3.78
3.7925
3.7875
3.805
3.82
3.8175
3.7975
3.775
3.76
3.7275
3.6875
3.7
3.725
3.73
3.755
3.7325
3.7025
3.71
3.6975
3.675
3.6725
3.67
3.6175
3.625
3.6125
3.5825
3.6025
3.58
3.5525
3.585
3.57
3.57
3.5425
3.5225
3.535
3.56
3.56
3.58
3.5625
3.525
3.515
3.5375
3.5475
3.59
3.5675
3.575
3.5525
3.5725
3.55
3.55
3.57
3.5475
3.5575
3.5775
3.575
3.5625
3.5725
3.585
3.58
3.5975
3.6175
3.5725
3.58
3.5825
3.605
3.6225
3.645
3.625
3.615
3.6075
3.635
3.6675
3.6325
3.6075
3.58
3.585
3.605
3.63
3.635
3.61
3.6075
3.615
3.6075
3.62
3.6225
3.6025
3.5975
3.595
3.57
3.58
3.575
3.585
3.595
3.5925
3.6275
3.6075
3.6275
3.62
3.62
3.6425
3.6225
3.6575
3.6625
3.65
3.6675
3.68
3.6925
3.69
3.675
3.6625
3.6825
3.6675
3.68
3.6925
3.685
3.69
3.69
3.7175
3.695
3.7075
3.7325
3.765
3.7825
3.7975
3.8275
3.8
3.81
3.8
3.8075
3.82
3.83
3.8075
3.7675
3.7925
3.7975
3.815
3.82
3.8
3.7925
3.8075
3.815
3.8425
3.85
3.855
3.86
3.8325
3.7975
3.765
3.7425
3.7675
3.7725
3.7425
3.7775
3.745
3.7
3.7175
3.745
3.7175
3.72
3.7175
3.6925
3.7
3.695
3.69
3.705
3.6925
3.705
3.7225
3.735
3.7475
3.7575
3.725
3.7375
3.7725
3.785
3.7575
3.7775
3.805
3.8125
3.82
3.82
3.845
3.8675
3.8925
3.8875
3.8375
3.85
3.8225
3.8375
3.83
3.815
3.78
3.7875
3.795
3.7675
3.7825
3.7725
3.78
3.7575
3.7775
3.8
3.8025
3.815
3.805
3.8175
3.82
3.835
3.85
3.8175
3.8375
3.8125
3.83
3.8475
3.83
3.8125
3.7975
3.81
3.8275
3.795
3.78
3.755
3.77
3.7475
3.755
3.7375
3.7375
3.745
3.7325
3.745
3.7425
3.725
3.7325
3.7075
3.7075
3.715
3.71
3.7375
3.745
3.7175
3.6975
3.71
3.7175
3.72
3.7225
3.735
3.7475
3.775
3.795
3.81
3.78
3.7975
3.8175
3.83
3.8475
3.88
3.8975
3.905
3.9
3.92
3.9425
3.9525
3.97
3.9875
3.9975
3.9975
4.0
4.035
4.025
4.035
4.0
3.9625
3.9725
3.975
3.9975
3.9775
3.99
4.0075
3.98
3.98
3.97
3.965
3.94
3.9425
3.9675
3.9575
3.9775
3.9525
3.9075
3.92
3.9375
3.9175
3.8975
3.8625
3.8325
3.8325
3.8575
3.83
3.85
3.8425
3.855
3.8725
3.9175
3.9125
3.9125
3.925
3.95
3.955
3.9325
3.9175
3.895
3.87
3.8775
3.8975
3.9075
3.9025
3.91
3.875
3.895
3.8925
3.8675
3.8325
3.8375
3.86
3.88
3.91
3.9325
3.9175
3.93
3.905
3.92
3.915
3.945
3.9625
3.93
3.9175
3.945
3.93
3.915
3.925
3.9075
3.8825
3.89
3.9
3.9325
3.9225
3.96
3.965
3.9475
3.915
3.905
3.91
3.8875
3.8975
3.8675
3.87
3.89
3.89
3.9025
3.8975
3.885
3.91
3.885
3.8725
3.875
3.885
3.87
3.8775
3.855
3.8375
3.8375
3.83
3.7975
3.815
3.7975
3.78
3.7925
3.835
3.835
3.85
3.8375
3.83
3.86
3.8675
3.865
3.87
3.8975
3.92
3.9275
3.9125
3.925
3.93
3.9325
3.9125
3.8875
3.8625
3.8325
3.8425
3.825
3.8125
3.785
3.795
3.7725
3.7825
3.7825
3.8075
3.8275
3.845
3.86
3.8725
3.8925
3.8925
3.86
3.885
3.8575
3.8775
3.8925
3.915
3.9125
3.915
3.9
3.925
3.94
3.9375
3.935
3.905
3.9325
3.9425
3.955
3.9575
3.965
3.94
3.9525
3.925
3.94
3.9475
3.925
3.895
3.9025
3.885
3.8775
3.9125
3.9275
3.94
3.9325
3.915
3.93
3.905
3.91
3.9175
3.92
3.8925
3.8875
3.8925
3.905
3.92
3.935
3.95
3.9375
3.9425
3.9525
3.975
3.9775
4.0025
3.995
3.98
3.95
3.935
3.9375
3.98
3.995
4.005
3.985
4.0025
4.01
4.02
4.0075
3.9875
3.995
4.0025
4.025
4.05
4.02
4.0425
4.0425
4.0125
4.0225
4.0425
4.06
4.0225
4.0025
4.0325
4.0225
4.0075
3.9825
4.0025
3.98
3.9425
3.9225
3.895
3.9025
3.9075
3.89
3.9125
3.8975
3.895
3.9025
3.8975
3.9425
3.945
3.9475
3.98
3.965
3.9475
3.9725
3.9425
3.9275
3.945
3.92
3.8825
3.8825
3.915
3.9275
3.8925
3.8575
3.8625
3.8975
3.8925
3.855
3.87
3.8475
3.885
3.8925
3.9025
3.9125
3.8625
3.8375
3.83
3.845
3.83
3.8425
3.86
3.8525
3.885
3.8925
3.92
3.9075
3.9325
3.9275
3.9175
3.9325
3.9675
3.9875
3.955
3.9725
3.9925
4.0
4.025
3.985
3.9975
3.9675
3.9725
3.995
3.9775
3.9575
3.9675
3.99
3.9825
3.9675
3.9475
3.9675
3.9975
3.99
3.99
3.96
3.965
3.99
4.01
4.0025
3.995
4.0025
3.98
3.96
3.9725
3.9625
3.965
3.935
3.9375
3.9425
3.9625
3.975
3.9675
3.9725
3.9325
3.9275
3.9375
3.9425
3.9825
3.9975
4.0075
4.0225
4.0625
4.0675
4.045
4.075
4.07
4.085
4.07
4.0925
4.1125
4.1075
4.08
4.0725
4.1
4.0875
4.095
4.085
4.08
4.0875
4.085
4.1025
4.1
4.0975
4.0775
4.1
4.1125
4.1225
4.0925
4.0875
4.0725
4.1025
4.0975
4.105
4.1275
4.0975
4.08
4.085
4.0725
4.08
4.0575
4.0725
4.07
4.075
4.08
4.105
4.1125
4.095
4.11
4.11
4.11
4.1225
4.1225
4.145
4.1025
4.12
4.1575
4.18
4.17
4.1925
4.2225
4.2425
4.2425
4.215
4.23
4.21
4.24
4.2525
4.235
4.245
4.2525
4.245
4.24
4.24
4.27
4.2425
4.2325
4.2625
4.2825
4.2825
4.2625
4.2925
4.2775
4.2925
4.3125
4.3375
4.3425
4.34
4.32
4.3
4.2775
4.28
4.28
4.29
4.2875
4.315
4.34
4.32
4.29
4.3
4.31
4.3225
4.3
4.325
4.305
4.315
4.3225
4.325
4.31
4.2675
4.3025
4.2675
4.2425
4.255
4.27
4.245
4.265
4.2525
4.2425
4.22
4.2225
4.2075
4.23
4.1875
4.18
4.1925
4.185
4.1725
4.155
4.13
4.15
4.1175
4.0825
4.115
4.1175
4.11
4.105
4.0875
4.09
4.0625
4.08
4.0675
4.0575
4.045
4.0325
4.065
4.04
4.06
4.035
4.0525
4.025
4.015
4.005
3.9825
3.995
3.995
3.995
4.01
4.015
3.995
3.9825
3.9675
4.005
3.98
3.9725
3.9775
4.0025
3.99
3.97
3.9425
3.9475
3.9275
3.92
3.9325
3.955
3.97
3.9425
3.9775
3.9775
3.98
3.99
3.9725
3.9725
3.935
3.9375
3.945
3.95
3.94
3.925
3.9325
3.97
3.965
3.9875
3.99
3.99
3.9975
3.9825
3.97
3.9575
3.965
3.955
3.93
3.9225
3.91
3.93
3.8875
3.8475
3.8725
3.8825
3.8725
3.89
3.915
3.9275
3.9225
3.9675
3.97
3.9475
3.9625
3.98
3.9925
4.0
3.975
3.9975
4.0
4.0075
4.0075
4.0275
4.0425
4.0525
4.0725
4.08
4.0725
4.105
4.1425
4.1225
4.1225
4.135
4.145
4.1075
4.1225
4.1375
4.175
4.145
4.125
4.1275
4.1525
4.17
4.2025
4.1875
4.185
4.21
4.23
4.2175
4.1975
4.2075
4.215
4.205
4.2125
4.22
4.2
4.235
4.265
4.2675
4.2875
4.3275
4.305
4.295
4.3025
4.3175
4.28
4.2725
4.2875
4.3175
4.3225
4.3275
4.345
4.335
4.3175
4.2725
4.2875
4.28
4.26
4.2625
4.28
4.28
4.3
4.2825
4.275
4.2575
4.235
4.2625
4.2625
4.245
4.2525
4.245
4.2425
4.2675
4.245
4.245
4.2125
4.1825
4.2125
4.2
4.1975
4.215
4.215
4.1925
4.2175
4.2275
4.2375
4.265
4.2725
4.2625
4.2675
4.2475
4.2475
4.255
4.2225
4.25
4.225
4.2
4.215
4.2325
4.2675
4.2975
4.3225
4.3425
4.36
4.35
4.34
4.3575
4.3775
4.3825
4.38
4.35
4.3075
4.32
4.3375
4.34
4.35
4.3625
4.3525
4.33
4.3175
4.285
4.315
4.29
4.2825
4.3075
4.3325
4.3025
4.2825
4.2675
4.2475
4.225
4.2125
4.2375
4.2125
4.22
4.2
4.21
4.215
4.2125
4.225
4.235
4.255
4.24
4.235
4.2425
4.26
4.285
4.295
4.2625
4.2525
4.26
4.2375
4.26
4.255
4.2225
4.23
4.2275
4.2525
4.265
4.265
4.2425
4.245
4.2375
4.2025
4.195
4.17
4.1575
4.16
4.1475
4.1325
4.1525
4.1325
4.115
4.11
4.0925
4.0625
4.075
4.055
4.07
4.0825
4.07
4.0525
4.0725
4.0925
4.0975
4.1075
4.075
4.1
4.1125
4.11
4.085
4.0925
4.0675
4.0675
4.07
4.1075
4.1175
4.1325
4.115
4.14
4.14
4.1475
4.175
4.2025
4.1725
4.1575
4.1725
4.175
4.1825
4.175
4.17
4.18
4.1975
4.195
4.2075
4.235
4.225
4.215
4.2275
4.215
4.195
4.1825
4.1525
4.165
4.1825
4.18
4.2225
4.1975
4.165
4.1825
4.2225
4.2
4.2025
4.2075
4.2
4.195
4.2275
4.2375
4.2375
4.2125
4.1925
4.2225
4.2125
4.1775
4.155
4.16
4.1525
4.15
4.115
4.11
4.08
4.0925
4.06
4.0575
4.0925
4.1025
4.0975
4.065
4.08
4.07
4.0575
4.0175
4.025
4.0225
4.0175
4.01
4.025
4.035
4.07
4.0875
4.06
4.05
4.0825
4.0675
4.0825
4.1175
4.12
4.135
4.095
4.1175
4.1225
4.1325
4.1375
4.1075
4.1325
4.125
4.1225
4.13
4.1225
4.105
4.1075
4.145
4.11
4.1375
4.1575
4.155
4.1775
4.2075
4.1925
4.2
4.225
4.2075
4.225
4.18
4.185
4.1475
4.1425
4.155
4.1875
4.2
4.1925
4.1775
4.1625
4.1275
4.1325
4.1125
4.14
4.1675
4.1675
4.15
4.15
4.1425
4.1275
4.0975
4.13
4.105
4.0875
4.105
4.0925
4.0825
4.0575
4.06
4.0775
4.0475
4.03
4.0025
3.995
4.0275
4.0175
4.02
4.0475
4.035
4.0475
4.045
4.025
4.005
4.0325
3.995
4.0025
4.0
4.0175
3.9925
4.0
3.995
3.9875
4.0025
4.0225
4.0225
4.055
4.0775
4.085
4.08
4.0775
4.08
4.0725
4.08
4.0925
4.1075
4.13
4.15
4.165
4.1625
4.165
4.1675
4.15
4.16
4.1375
4.1475
4.15
4.1625
4.1725
4.19
4.16
4.16
4.14
4.1425
4.1375
4.1
4.105
4.1025
4.115
4.12
4.1375
4.135
4.1425
4.105
4.0975
4.0875
4.085
4.045
4.0525
4.0475
4.0275
4.04
4.0575
4.0475
4.06
4.05
4.015
4.03
4.005
3.9875
4.01
4.0075
3.9775
4.0
3.9875
4.0075
4.02
3.99
4.01
4.0275
4.005
4.0225
4.015
4.0275
3.995
4.0
4.0275
4.03
4.0425
4.0325
4.0375
4.015
4.0
3.9775
3.9675
3.9475
3.965
3.9825
3.98
3.9775
3.9975
3.9775
3.9475
3.965
3.955
3.96
3.955
3.995
4.0075
3.9875
3.98
3.98
3.9525
3.955
3.9275
3.9325
3.955
3.925
3.94
3.9725
3.975
3.96
3.9275
3.9525
3.955
3.9225
3.9175
3.93
3.94
3.9675
3.9375
3.9325
3.9
3.885
3.8775
3.8325
3.8525
3.87
3.91
3.915
3.905
3.905
3.9175
3.9425
3.9575
3.9825
4.02
4.035
4.06
4.045
4.045
4.0325
4.0175
3.9925
3.97
3.975
3.95
3.9975
4.025
4.0275
4.0425
4.0175
4.035
4.045
4.06
4.0325
4.03
4.0
4.0125
4.0475
4.0625
4.0575
4.08
4.0925
4.1075
4.13
4.095
4.0975
4.1
4.105
4.125
4.115
4.1425
4.1725
4.17
4.1675
4.17
4.1875
4.165
4.125
4.13
4.145
4.135
4.1625
4.145
4.1775
4.195
4.15
4.145
4.1525
4.13
4.165
4.1775
4.1525
4.1675
4.1475
4.165
4.1425
4.15
4.1725
4.15
4.1675
4.1325
4.1625
4.19
4.2125
4.21
4.1925
4.1575
4.1825
4.195
4.215
4.1875
4.1975
4.215
4.215
4.22
4.225
4.265
4.265
4.245
4.2525
4.275
4.2775
4.275
4.29
4.3075
4.3075
4.35
4.36
4.3625
4.3425
4.37
4.375
4.3875
4.365
4.3675
4.375
4.375
4.385
4.3875
4.41
4.3925
4.37
4.37
4.365
4.35
4.375
4.3975
4.41
4.3975
4.435
4.44
4.4475
4.42
4.425
4.4425
4.4575
4.44
4.4275
4.4425
4.4675
4.445
4.4325
4.425
4.4375
4.4575
4.4625
4.475
4.49
4.49
4.4475
4.43
4.4525
4.435
4.415
4.4225
4.3875
4.3875
4.4
4.365
4.33
4.35
4.3325
4.3025
4.3225
4.295
4.3125
4.3325
4.34
4.3675
4.3525
4.3175
4.2925
4.3025
4.3025
4.305
4.325
4.3325
4.3225
4.3275
4.34
4.3125
4.3175
4.3375
4.305
4.3075
4.3425
4.3375
4.345
4.345
4.34
4.3425
4.38
4.37
4.3775
4.405
4.405
4.41
4.41
4.435
4.4
4.405
4.385
4.4075
4.375
4.3375
4.295
4.2675
4.2875
4.2625
4.245
4.2525
4.2675
4.235
4.235
4.2525
4.275
4.2975
4.3125
4.2875
4.2425
4.21
4.2175
4.1975
4.2
4.185
4.16
4.1775
4.14
4.125
4.0975
4.0675
4.0525
4.0425
4.025
4.0375
4.045
4.0325
4.0325
4.025
4.0425
4.045
4.06
4.0325
4.0475
4.0575
4.0275
4.0475
4.045
4.0375
4.045
4.0775
4.0775
4.0775
4.05
4.01
4.02
4.0425
4.0675
4.06
4.05
4.0175
4.0325
4.015
4.0
3.995
3.9975
3.9825
4.005
4.0125
4.04
4.0525
4.0825
4.1075
4.1125
4.13
4.14
4.1375
4.12
4.1325
4.1725
4.18
4.19
4.2175
4.1925
4.2
4.1975
4.21
4.225
4.2075
4.2325
4.235
4.1975
4.2225
4.2125
4.22
4.2175
4.2125
4.2325
4.24
4.25
4.23
4.2425
4.255
4.2775
4.2525
4.24
4.2625
4.2425
4.2575
4.2375
4.24
4.2425
4.2825
4.28
4.305
4.315
4.2975
4.2925
4.255
4.27
4.24
4.2175
4.1925
4.155
4.1475
4.135
4.145
4.15
4.1275
4.1625
4.1625
4.13
4.155
4.175
4.125
4.115
4.0975
4.12
4.1475
4.1225
4.13
4.1325
4.095
4.12
4.0875
4.0825
4.09
4.1125
4.13
4.13
4.145
4.1325
4.115
4.135
4.12
4.125
4.1075
4.1525
4.1625
4.1875
4.165
4.1775
4.1475
4.1775
4.195
4.22
4.215
4.23
4.2475
4.26
4.2375
4.1825
4.1875
4.16
4.185
4.1925
4.1625
4.1275
4.1175
4.0775
4.085
4.1225
4.1125
4.1375
4.1075
4.12
4.1025
4.1025
4.135
4.1425
4.13
4.1
4.1125
4.105
4.105
4.0625
4.045
4.01
4.0325
4.045
4.0125
3.9875
3.9725
3.96
4.0
3.9575
3.9575
3.9775
3.9875
4.01
4.03
4.02
4.0175
4.025
4.0475
4.02
4.02
4.035
4.0025
4.0275
4.0425
4.0625
4.055
4.035
4.045
4.0625
4.07
4.07
4.1
4.065
4.0475
3.9925
3.9975
4.02
4.025
4.005
4.005
3.975
3.99
4.0
3.9825
4.0125
4.0475
4.03
4.0075
4.015
4.0125
3.985
4.0075
4.005
4.0375
4.0675
4.06
4.0575
4.04
4.05
4.0175
4.0425
4.025
4.055
4.06
4.095
4.135
4.1125
4.1125
4.0975
4.1025
4.07
4.06
4.05
4.0375
4.0425
4.0625
4.035
4.0125
4.0
4.0125
4.0125
4.0225
4.035
4.05
4.0575
4.0675
4.05
4.0175
4.0225
4.05
4.065
4.0775
4.09
4.11
4.09
4.065
4.055
4.0275
4.0425
4.075
4.08
4.1025
4.105
4.0875
4.085
4.0775
4.075
4.1125
4.1175
4.12
4.14
4.125
4.14
4.1525
4.155
4.12
4.14
4.1125
4.1025
4.1275
4.1575
4.1775
4.1925
4.225
4.225
4.23
4.2475
4.23
4.2
4.1775
4.1575
4.125
4.145
4.13
4.1275
4.14
4.1225
4.14
4.1725
4.1975
4.1825
4.2125
4.2275
4.2275
4.2225
4.23
4.235
4.21
4.225
4.2325
4.265
4.2575
4.24
4.215
4.22
4.2075
4.22
4.225
4.2325
4.235
4.225
4.2075
4.25
4.2625
4.27
4.29
4.3175
4.3
4.2775
4.2675
4.29
4.3175
4.3325
4.3125
4.335
4.335
4.3375
4.36
4.365
4.35
4.345
4.3525
4.38
4.3775
4.3875
4.3825
4.3875
4.4025
4.4025
4.4175
4.3925
4.3825
4.3475
4.345
4.3275
4.3025
4.31
4.32
4.3325
4.325
4.33
4.32
4.345
4.3225
4.34
4.33
4.33
4.355
4.3625
4.3275
4.335
4.34
4.34
4.2975
4.28
4.295
4.295
4.2875
4.2975
4.3075
4.2925
4.2675
4.2425
4.2325
4.19
4.1975
4.2225
4.22
4.24
4.255
4.245
4.255
4.2425
4.255
4.275
4.2775
4.26
4.24
4.275
4.2675
4.28
4.2925
4.2875
4.26
4.2275
4.2325
4.195
4.225
4.255
4.2325
4.23
4.2225
4.2
4.1925
4.1675
4.175
4.1625
4.1725
4.185
4.2
4.2075
4.18
4.15
4.15
4.1425
4.115
4.1025
4.1
4.115
4.135
4.1375
4.1475
4.14
4.165
4.1975
4.1825
4.155
4.1475
4.155
4.1525
4.1725
4.185
4.1975
4.2025
4.2125
4.2025
4.1975
4.2075
4.21
4.2325
4.235
4.2375
4.265
4.26
4.2825
4.3025
4.285
4.2925
4.3
4.315
4.2825
4.295
4.29
4.2625
4.2725
4.26
4.2875
4.2675
4.2875
4.255
4.27
4.305
4.27
4.2775
4.2875
4.2675
4.235
4.2325
4.2225
4.2525
4.2475
4.2375
4.2625
4.26
4.275
4.3
4.31
4.3025
4.3225
4.3075
4.325
4.3275
4.3175
4.3325
4.3425
4.3275
4.34
4.36
4.345
4.3375
4.35
4.33
4.325
4.3025
4.2975
4.31
4.295
4.31
4.325
4.335
4.365
4.3825
4.3675
4.3775
4.37
4.345
4.37
4.41
4.38
4.3625
4.3675
4.385
4.3975
4.4
4.38
4.3725
4.335
4.3525
4.3425
4.3575
4.315
4.3325
4.3175
4.3125
4.2825
4.29
4.2575
4.21
4.2225
4.2075
4.195
4.1875
4.19
4.205
4.19
4.17
4.1375
4.1425
4.14
4.15
4.145
4.155
4.17
4.185
4.2
4.1675
4.14
4.1275
4.145
4.1225
4.1375
4.145
4.1575
4.15
4.17
4.185
4.1475
4.125
4.1325
4.1375
4.145
4.16
4.1675
4.1375
4.115
4.115
4.0825
4.0725
4.1
4.1025
4.09
4.065
4.105
4.13
4.135
4.1475
4.1075
4.135
4.135
4.145
4.115
4.145
4.1675
4.1325
4.1375
4.1225
4.13
4.1475
4.155
4.1525
4.175
4.17
4.1875
4.2125
4.1875
4.165
4.14
4.1175
4.125
4.1225
4.07
4.095
4.0875
4.1125
4.1225
4.1525
4.135
4.14
4.1475
4.15
4.1675
4.1475
4.1175
4.1725
4.1875
4.2
4.18
4.18
4.1875
4.17
4.1725
4.1825
4.1825
4.195
4.175
4.2
4.215
4.2225
4.2675
4.28
4.3
4.3
4.2975
4.3175
4.3325
4.3075
4.28
4.2825
4.2775
4.2475
4.275
4.25
4.2425
4.2375
4.235
4.24
4.2325
4.2225
4.23
4.2375
4.225
4.205
4.21
4.2025
4.2
4.2175
4.18
4.16
4.1675
4.185
4.1625
4.175
4.155
4.1575
4.14
4.165
4.17
4.145
4.115
4.14
4.1175
4.0925
4.0925
4.095
4.07
4.0575
4.0725
4.0725
4.0825
4.0825
4.0625
4.0575
4.0325
4.05
4.04
4.055
4.0475
4.0125
4.02
4.025
4.025
4.045
4.0475
4.035
4.0575
4.06
4.0575
4.0925
4.08
4.0375
4.015
4.02
4.05
4.0525
4.06
4.065
4.0925
4.0975
4.065
4.065
4.075
4.0475
4.015
3.99
3.9775
3.9325
3.9575
3.9625
3.9775
3.945
3.955
3.965
3.9825
3.9625
3.9325
3.9525
3.915
3.9275
3.8975
3.93
3.9425
3.97
3.9925
4.02
4.0125
3.9825
3.9675
3.9475
3.9125
3.9025
3.925
3.9375
3.96
3.965
3.975
3.985
3.99
4.0025
4.0075
4.055
4.0275
4.025
4.05
4.05
4.0575
4.0975
4.105
4.09
4.1
4.0975
4.115
4.1325
4.1475
4.1575
4.1025
4.13
4.145
4.1675
4.135
4.15
4.1175
4.1225
4.1375
4.14
4.13
4.145
4.1625
4.155
4.14
4.145
4.1525
4.1775
4.1575
4.1575
4.1725
4.205
4.18
4.195
4.2
4.185
4.1925
4.2075
4.2075
4.215
4.2075
4.2225
4.1925
4.1725
4.1825
4.21
4.2275
4.235
4.2575
4.275
4.2425
4.25
4.2675
4.2675
4.315
4.29
4.2625
4.2675
4.265
4.24
4.2425
4.255
4.2375
4.215
4.2375
4.2625
4.2775
4.245
4.245
4.2675
4.29
4.27
4.295
4.2775
4.2475
4.215
4.1875
4.18
4.205
4.205
4.2325
4.2425
4.2075
4.18
4.2075
4.2325
4.235
4.2175
4.2
4.1975
4.1675
4.18
4.1625
4.19
4.215
4.2225
4.2375
4.2575
4.265
4.2525
4.2575
4.235
4.2275
4.23
4.215
4.1775
4.1725
4.165
4.1575
4.16
4.185
4.1925
4.1775
4.1475
4.1425
4.1175
4.14
4.1675
4.135
4.1275
4.1525
4.1575
4.14
4.125
4.145
4.1425
4.16
4.1325
4.1125
4.115
4.12
4.0925
4.1175
4.1125
4.1275
4.1325
4.1325
4.1525
4.155
4.1675
4.1775
4.185
4.175
4.1925
4.2175
4.2225
4.2275
4.2075
4.21
4.2125
4.225
4.2275
4.27
4.3
4.325
4.3425
4.31
4.2775
4.2725
4.2675
4.285
4.325
4.3275
4.325
4.3075
4.295
4.3125
4.315
4.3275
4.35
4.365
4.3475
4.3125
4.28
4.28
4.31
4.295
4.3075
4.2975
4.2675
4.2675
4.255
4.2125
4.215
4.1875
4.185
4.235
4.22
4.1925
4.22
4.24
4.205
4.1625
4.1425
4.175
4.1725
4.1525
4.135
4.165
4.14
4.1375
4.16
4.16
4.17
4.18
4.1475
4.155
4.135
4.12
4.1175
4.1125
4.09
4.0875
4.09
4.075
4.0875
4.1125
4.1175
4.125
4.1225
4.1375
4.17
4.145
4.1325
4.11
4.085
4.1025
4.1125
4.1175
4.1
4.0925
4.085
4.065
4.0825
4.0825
4.07
4.095
4.1275
4.1375
4.1525
4.1575
4.135
4.1675
4.1575
4.16
4.1725
4.1725
4.185
4.2025
4.175
4.19
4.2
4.2075
4.195
4.2125
4.21
4.1825
4.1975
4.2225
4.2575
4.29
4.3075
4.335
4.36
4.3275
4.2925
4.3
4.315
4.3175
4.315
4.305
4.3225
4.3275
4.305
4.3075
4.32
4.3525
4.35
4.3575
4.3675
4.375
4.3775
4.345
4.3275
4.33
4.3075
4.3225
4.285
4.2925
4.275
4.28
4.2525
4.25
4.27
4.28
4.28
4.2875
4.3075
4.2875
4.3025
4.28
4.2975
4.295
4.3225
4.345
4.3225
4.2925
4.3175
4.29
4.27
4.2525
4.23
4.215
4.2325
4.23
4.2325
4.2425
4.2175
4.2025
4.215
4.2
4.21
4.2175
4.245
4.235
4.21
4.205
4.22
4.235
4.1975
4.1775
4.1875
4.1625
4.195
4.2125
4.2425
4.2225
4.195
4.205
4.2225
4.2475
4.2125
4.2075
4.1925
4.155
4.1725
4.155
4.1675
4.145
4.1225
4.1175
4.12
4.145
4.1725
4.18
4.215
4.2075
4.1875
4.1825
4.2
4.22
4.215
4.2175
4.24
4.2325
4.2375
4.2575
4.2475
4.25
4.275
4.295
4.2975
4.285
4.2875
4.305
4.2825
4.295
4.3025
4.3225
4.3125
4.34
4.3075
4.295
4.3
4.3025
4.2875
4.305
4.2975
4.2975
4.2975
4.3125
4.3075
4.2875
4.3075
4.2975
4.28
4.27
4.28
4.2575
4.2325
4.25
4.2625
4.23
4.24
4.245
4.215
4.2125
4.22
4.2125
4.25
4.275
4.3025
4.3
4.3075
4.32
4.34
4.365
4.3525
4.3275
4.34
4.3225
4.29
4.26
4.2575
4.2475
4.2325
4.27
4.2975
4.2775
4.2775
4.275
4.2575
4.245
4.2175
4.245
4.2225
4.1875
4.2125
4.2225
4.265
4.2675
4.2775
4.2375
4.235
4.21
4.2
4.2175
4.22
4.19
4.1925
4.205
4.1925
4.2175
4.2175
4.2075
4.2375
4.24
4.2375
4.2125
4.215
4.205
4.1925
4.18
4.1725
4.1775
4.19
4.1675
4.175
4.155
4.125
4.14
4.1275
4.1825
4.2025
4.175
4.19
4.215
4.2225
4.2
4.2025
4.1825
4.1825
4.15
4.175
4.19
4.22
4.2225
4.2
4.17
4.18
4.195
4.22
4.23
4.2675
4.245
4.2275
4.235
4.2325
4.2425
4.23
4.2275
4.215
4.21
4.2325
4.2425
4.2575
4.28
4.25
4.27
4.285
4.3025
4.3225
4.2975
4.3075
4.29
4.29
4.3325
4.335
4.345
4.37
4.3575
4.3625
4.335
4.355
4.3575
4.33
4.3425
4.3725
4.36
4.3375
4.335
4.3675
4.3575
4.3425
4.325
4.355
4.3825
4.39
4.3875
4.4175
4.3875
4.395
4.4225
4.415
4.4275
4.44
4.4475
4.475
4.465
4.4825
4.4625
4.465
4.4675
4.48
4.485
4.4975
4.5175
4.5075
4.485
4.5
4.455
4.42
4.4225
4.4125
4.3975
4.4225
4.42
4.39
4.4275
4.43
4.4325
4.445
4.46
4.4325
4.4025
4.3775
4.3325
4.3425
4.3575
4.3325
4.3225
4.3125
4.2925
4.315
4.3275
4.345
4.3675
4.3575
4.37
4.385
4.3925
4.3775
4.35
4.37
4.3975
4.3725
4.395
4.375
4.35
4.3275
4.3475
4.365
4.3625
4.3575
4.3625
4.3425
4.31
4.3225
4.3325
4.3625
4.35
4.38
4.385
4.41
4.3825
4.3525
4.365
4.355
4.36
4.355
4.3425
4.345
4.355
4.3725
4.3775
4.3875
4.3425
4.3175
4.34
4.315
4.305
4.335
4.35
4.33
4.34
4.34
4.37
4.3875
4.385
4.385
4.385
4.3625
4.3575
4.34
4.3275
4.33
4.34
4.375
4.385
4.4225
4.45
4.465
4.4875
4.4775
4.47
4.455
4.45
4.4575
4.4525
4.45
4.4275
4.3775
4.365
4.3975
4.4025
4.415
4.43
4.4375
4.39
4.3925
4.4025
4.3825
4.3725
4.39
4.3575
4.37
4.38
4.395
4.4075
4.4
4.3575
4.35
4.3425
4.365
4.3475
4.3725
4.3475
4.33
4.34
4.3475
4.3225
4.2975
4.3125
4.3225
4.335
4.31
4.305
4.33
4.315
4.2725
4.2725
4.2925
4.2625
4.245
4.25
4.2375
4.26
4.225
4.23
4.2175
4.1875
4.215
4.1925
4.175
4.155
4.1325
4.105
4.105
4.105
4.1
4.115
4.1275
4.145
4.1525
4.1675
4.1675
4.185
4.2075
4.1825
4.1525
4.13
4.1425
4.165
4.19
4.2075
4.2175
4.2175
4.2375
4.25
4.25
4.2675
4.28
4.2875
4.2725
4.2725
4.2325
4.2325
4.225
4.195
4.22
4.2325
4.24
4.2575
4.2825
4.285
4.3075
4.33
4.3275
4.3275
4.31
4.315
4.2975
4.315
4.3275
4.3475
4.3325
4.3225
4.2975
4.305
4.2975
4.2925
4.32
4.2825
4.2575
4.265
4.2725
4.255
4.2525
4.2575
4.225
4.24
4.2375
4.2625
4.2425
4.2075
4.245
4.2225
4.16
4.1775
4.1875
4.1975
4.2125
4.2325
4.2225
4.195
4.17
4.1625
4.1625
4.1675
4.185
4.2
4.2
4.2025
4.1725
4.1925
4.2225
4.2375
4.2325
4.1975
4.22
4.1975
4.1975
4.175
4.18
4.1775
4.2025
4.18
4.1875
4.19
4.18
4.135
4.1425
4.1475
4.14
4.12
4.135
4.1325
4.1575
4.1725
4.1725
4.1925
4.2175
4.2125
4.2275
4.2025
4.19
4.1675
4.1425
4.145
4.1525
4.17
4.16
4.175
4.2
4.185
4.165
4.1825
4.16
4.1375
4.1275
4.14
4.1475
4.15
4.1775
4.155
4.1575
4.19
4.22
4.1975
4.2025
4.16
4.1725
4.1575
4.1225
4.14
4.16
4.175
4.1525
4.1575
4.1875
4.1775
4.1675
4.165
4.17
4.1775
4.1575
4.1425
4.175
4.165
4.1275
4.1575
4.1525
4.155
4.165
4.175
4.1725
4.14
4.1525
4.13
4.1375
4.1225
4.13
4.1425
4.105
4.1275
4.085
4.085
4.085
4.06
