4.695
4.705
4.69
4.6875
4.7125
4.75
4.765
4.7675
4.7425
4.715
4.7375
4.7425
4.745
4.7275
4.7325
4.735
4.7425
4.715
4.74
4.72
4.6875
4.6775
4.6325
4.6275
4.6325
4.6525
4.645
4.61
4.5825
4.6075
4.6275
4.64
4.645
4.6375
4.635
4.64
4.6325
4.5825
4.5675
4.535
4.55
4.55
4.5725
4.5725
4.555
4.5625
4.58
4.5525
4.53
4.545
4.5625
4.5675
4.6
4.61
4.5975
4.6125
4.6575
4.625
4.61
4.5975
4.5775
4.5625
4.5575
4.5275
4.545
4.555
4.5375
4.51
4.4725
4.4375
4.44
4.435
4.445
4.4325
4.41
4.4325
4.45
4.485
4.47
4.46
4.4575
4.4625
4.4525
4.4275
4.4125
4.445
4.4525
4.47
4.4725
4.4575
4.495
4.48
4.505
4.4725
4.45
4.445
4.4025
4.3975
4.405
4.42
4.41
4.4125
4.4125
4.4225
4.4375
4.45
4.45
4.44
4.415
4.3475
4.33
4.3575
4.3675
4.38
4.375
4.3325
4.305
4.295
4.295
4.3075
4.2975
4.305
4.3325
4.3225
4.3275
4.3325
4.325
4.3425
4.325
4.3275
4.32
4.32
4.325
4.3425
4.3375
4.3525
4.3175
4.29
4.305
4.2725
4.2725
4.275
4.29
4.31
4.28
4.285
4.26
4.245
4.2175
4.22
4.2525
4.2225
4.2025
4.18
4.175
4.1675
4.1875
4.2075
4.2075
4.235
4.225
4.195
4.1725
4.1975
4.16
4.16
4.145
4.155
4.1825
4.155
4.175
4.21
4.1575
4.14
4.12
4.1425
4.1375
4.145
4.1175
4.1375
4.1425
4.12
4.1175
4.1175
4.13
4.0775
4.12
4.135
4.1075
4.1275
4.1275
4.1
4.09
4.1075
4.125
4.1225
4.12
4.0975
4.0925
4.075
4.065
4.045
4.0375
4.0175
4.0475
4.08
4.065
4.035
3.9975
3.9875
3.9925
4.0275
4.0075
4.0
3.985
3.9675
3.9425
3.945
3.9425
3.9375
3.9425
3.93
3.92
3.9
3.8725
3.8725
3.8875
3.8825
3.935
3.9425
3.945
3.9375
3.925
3.935
3.915
3.9025
3.9025
3.8925
3.8875
3.92
3.94
3.955
3.955
3.9375
3.93
3.93
3.925
3.9075
3.9375
3.9275
3.9
3.91
3.9025
3.8625
3.85
3.855
3.8825
3.865
3.8825
3.8925
3.9225
3.9025
3.9275
3.9175
3.91
3.8975
3.9075
3.925
3.9475
3.97
3.95
3.9575
3.9525
3.9825
3.9475
3.9325
3.955
3.97
3.985
3.9575
3.96
3.945
3.92
3.91
3.9075
3.9225
3.955
3.9525
3.97
3.97
3.9875
4.0175
4.0225
4.0325
4.0625
4.08
4.06
4.0075
4.0025
4.0025
3.9875
4.0125
4.0075
4.015
4.0275
4.045
4.05
4.0025
4.0
4.0
4.015
3.995
3.9775
3.98
3.9525
3.92
3.8975
3.92
3.9075
3.9425
3.925
3.93
3.9675
3.965
3.99
3.9975
4.0025
4.0175
3.995
4.005
4.0175
4.0325
4.05
4.035
4.0075
3.9725
3.9625
3.9675
3.995
4.02
4.01
4.045
4.0475
4.01
4.0
3.9925
4.0175
4.03
4.0525
4.0325
4.045
4.015
4.0275
4.0475
4.065
4.08
4.08
4.07
4.085
4.08
4.055
4.085
4.1025
4.125
4.135
4.1525
4.1825
4.22
4.23
4.235
4.27
4.25
4.225
4.21
4.19
4.1675
4.175
4.1725
4.1875
4.2225
4.1975
4.1625
4.14
4.1075
4.1175
4.14
4.1675
4.1525
4.125
4.1025
4.0725
4.0425
4.0425
4.0225
4.045
4.0725
4.0875
4.1125
4.0925
4.0625
4.0325
4.0175
3.97
3.95
3.9375
3.96
3.9325
3.945
3.95
3.9225
3.955
3.9725
3.96
3.9825
3.9975
3.995
3.995
3.965
3.9525
3.9625
3.9825
3.99
4.005
4.025
4.0225
4.025
4.035
4.0425
4.01
4.025
4.045
4.0225
4.0075
4.0075
4.0
3.985
3.9475
3.935
3.9525
3.97
3.9675
3.9325
3.92
3.9125
3.885
3.9225
3.9175
3.945
3.9575
3.985
4.0125
4.0425
4.05
4.055
4.0575
4.025
4.035
4.0075
4.04
4.0525
4.0525
4.0225
4.0125
3.9825
3.9925
4.0075
4.0125
4.005
3.995
3.9725
3.9625
3.985
3.9575
3.945
3.905
3.88
3.895
3.9125
3.9
3.925
3.935
3.91
3.9225
3.9625
3.935
3.9225
3.91
3.89
3.8725
3.895
3.8975
3.9275
3.9575
3.93
3.955
3.935
3.9275
3.93
3.9425
3.9625
3.98
3.985
3.99
3.975
3.98
3.965
3.9375
3.9525
3.97
3.9625
3.9575
3.9575
3.9525
3.965
3.9925
4.005
4.015
4.005
3.975
3.9725
3.995
3.985
3.9775
3.99
4.015
4.045
4.0275
4.035
4.0475
4.045
4.03
4.0175
4.045
4.0525
4.07
4.07
4.055
4.0375
4.0375
4.045
4.01
4.03
4.0275
4.01
4.0075
4.0275
4.0425
4.025
4.0
4.0075
4.02
4.025
3.9925
3.995
4.02
4.0125
4.02
3.9775
3.9925
3.9675
3.9825
3.985
3.9875
3.975
3.95
3.97
3.9875
4.0175
4.0175
4.025
4.0075
3.9925
3.9925
4.0225
3.9625
3.98
3.95
3.945
3.9475
3.9325
3.945
3.9125
3.89
3.9125
3.925
3.93
3.8975
3.9425
3.9675
3.96
3.93
3.9375
3.94
3.93
3.95
3.96
3.9625
3.975
3.9975
3.9975
3.9825
3.94
3.93
3.94
3.955
3.9725
3.9525
3.95
3.97
3.9725
3.965
3.935
3.94
3.95
3.9575
3.9875
3.95
3.9675
3.9675
3.9725
3.9525
3.94
3.9475
3.915
3.96
3.9775
3.97
3.985
4.01
4.035
4.05
4.04
4.0675
4.0425
3.9975
3.9675
3.955
3.99
4.0
4.03
4.015
4.0
4.03
4.0225
4.0075
4.01
4.01
4.0025
4.0225
4.015
3.9775
4.0025
3.9975
3.9825
3.995
4.0325
4.0375
4.0175
3.9775
3.9625
3.9525
3.93
3.9075
3.8875
3.9125
3.935
3.94
3.94
3.9325
3.97
3.975
3.9925
3.9625
3.9575
3.9575
3.985
3.995
4.005
4.04
4.025
4.0625
4.09
4.105
4.1125
4.1025
4.0925
4.08
4.05
4.0725
4.0625
4.025
4.0175
4.0225
4.0
4.0225
4.0375
4.0475
4.0575
4.075
4.045
4.02
4.04
4.0475
4.03
4.06
4.0925
4.07
4.06
4.075
4.09
4.1025
4.0775
4.075
4.0425
4.0375
4.04
4.045
4.0475
4.065
4.0375
4.0125
3.9925
4.0
3.9925
4.01
4.0075
4.0175
4.05
4.065
4.0875
4.1125
4.0775
4.0925
4.085
4.115
4.095
4.1175
4.1425
4.17
4.1175
4.1375
4.1075
4.0825
4.1125
4.1175
4.1475
4.165
4.2
4.2075
4.225
4.2075
4.175
4.18
4.18
4.2075
4.2025
4.195
4.2
4.21
4.2375
4.2425
4.2575
4.2425
4.205
4.2225
4.215
4.1725
4.1475
4.175
4.19
4.2125
4.1875
4.155
4.15
4.1675
4.2075
4.23
4.2025
4.17
4.155
4.16
4.155
4.1675
4.1525
4.1525
4.12
4.1375
4.095
4.105
4.0975
4.055
4.0725
4.0875
4.115
4.1375
4.1425
4.14
4.1725
4.185
4.1875
4.16
4.155
4.165
4.1625
4.195
4.2275
4.2075
4.2075
4.205
4.225
4.255
4.2775
4.285
4.2725
4.265
4.2425
4.2625
4.2275
4.2075
4.2175
4.205
4.2
4.1875
4.185
4.1875
4.1825
4.185
4.175
4.1475
4.15
4.1525
4.14
4.135
4.0925
4.105
4.1275
4.1475
4.15
4.145
4.1525
4.155
4.1225
4.1325
4.1375
4.1175
4.14
4.1575
4.1775
4.1525
4.1325
4.0975
4.105
4.0775
4.1175
4.115
4.1275
4.1475
4.1075
4.125
4.15
4.1625
4.1775
4.155
4.165
4.145
4.1275
4.105
4.0925
4.1125
4.11
4.085
4.0625
4.07
4.0775
4.0825
4.1025
4.1225
4.15
4.135
4.145
4.14
4.09
4.1
4.115
4.0875
4.0675
4.04
4.0125
3.995
3.9775
3.995
3.995
3.985
3.945
3.92
3.91
3.92
3.905
3.8875
3.9025
3.8725
3.865
3.845
3.85
3.8525
3.8525
3.8575
3.88
3.9
3.9075
3.9275
3.9275
3.9125
3.8925
3.8725
3.8475
3.825
3.8525
3.8325
3.825
3.8425
3.8525
3.87
3.845
3.8125
3.8
3.825
3.845
3.8425
3.875
3.875
3.9
3.8775
3.85
3.8525
3.8725
3.885
3.87
3.885
3.875
3.885
3.8775
3.9075
3.91
3.8775
3.8625
3.8475
3.8525
3.84
3.8175
3.7725
3.79
3.795
3.815
3.8275
3.8475
3.8275
3.8375
3.85
3.8375
3.8075
3.8125
3.83
3.83
3.8125
3.83
3.8325
3.8175
3.7975
3.8075
3.8
3.8
3.825
3.82
3.7925
3.805
3.815
3.7625
3.745
3.75
3.7475
3.755
3.7675
3.8025
3.7975
3.775
3.7825
3.815
3.775
3.7875
3.7525
3.7725
3.7825
3.7775
3.8
3.805
3.78
3.79
3.785
3.8125
3.8325
3.84
3.84
3.8525
3.8825
3.9
3.8875
3.915
3.93
3.935
3.95
3.965
3.9725
3.9975
4.03
4.045
4.0325
4.02
4.0325
4.055
4.0625
4.0825
4.1125
4.1025
4.07
4.075
4.0875
4.115
4.1
4.125
4.1375
4.1575
4.135
4.1575
4.1425
4.125
4.1025
4.0925
4.1
4.085
4.08
4.09
4.0975
4.1075
4.1325
4.1225
4.115
4.12
4.095
4.0625
4.045
4.0325
4.015
4.0
4.015
4.045
4.05
4.07
4.05
4.02
4.0125
3.99
3.9975
3.99
4.025
4.05
4.05
4.0425
4.025
3.995
4.0125
4.0125
4.025
3.9925
3.9725
3.9725
3.97
3.945
3.9125
3.895
3.9125
3.895
3.91
3.92
3.9475
3.9475
3.9425
3.9675
3.9575
3.9725
3.975
3.98
3.99
4.01
3.9775
3.99
4.0075
3.9975
3.9825
3.9675
3.9475
3.98
3.97
3.9725
3.955
3.9575
3.93
3.9475
3.9425
3.945
3.94
3.8925
3.9025
3.93
3.9575
3.9375
3.92
3.91
3.89
3.9075
3.9
3.915
3.9025
3.91
3.8925
3.8675
3.8425
3.8525
3.8575
3.865
3.88
3.8825
3.905
3.93
3.935
3.9075
3.905
3.895
3.905
3.92
3.8875
3.9075
3.8725
3.8575
3.8825
3.87
3.865
3.8475
3.8425
3.845
3.84
3.865
3.8425
3.8075
3.805
3.8325
3.805
3.805
3.7825
3.78
3.785
3.79
3.76
3.7625
3.7825
3.7925
3.75
3.765
3.7675
3.7675
3.7725
3.77
3.7925
3.8225
3.8225
3.835
3.8675
3.855
3.81
3.815
3.8275
3.815
3.81
3.785
3.795
3.7825
3.8
3.835
3.835
3.8625
3.9
3.905
3.895
3.9275
3.9275
3.93
3.91
3.89
3.8725
3.89
3.905
3.9025
3.945
3.955
3.94
3.96
3.97
3.955
3.98
3.99
4.005
4.025
4.0075
4.015
3.975
3.9475
3.9625
3.9675
3.975
3.98
3.9675
4.0025
4.0075
4.04
4.0025
3.99
3.9775
3.9525
3.965
3.9925
4.0075
4.0225
4.0375
4.05
4.0625
4.095
4.085
4.1125
4.125
4.115
4.0875
4.1225
4.1375
4.1225
4.105
4.085
4.085
4.05
4.05
4.06
4.0325
4.0225
4.03
4.0175
4.01
4.04
4.025
3.9875
3.9925
3.965
3.9475
3.9575
3.9475
3.965
3.995
3.995
4.0025
4.05
4.0125
4.04
4.0175
4.0275
4.04
4.0675
4.0925
4.075
4.09
4.0675
4.0525
4.035
4.0425
4.0825
4.0975
4.13
4.1275
4.1425
4.125
4.1025
4.085
4.07
4.0825
4.0875
4.11
4.1175
4.135
4.1525
4.1275
4.1
4.0775
4.065
4.0625
4.075
4.1075
4.1125
4.105
4.075
4.045
4.025
4.0125
4.025
4.035
4.04
4.075
4.0675
4.04
4.0175
4.025
4.01
4.035
4.0575
4.015
4.0025
4.02
4.0275
4.03
4.03
4.0475
4.0275
4.0175
4.0075
4.0
3.97
3.9925
3.96
3.9375
3.9825
3.9525
3.9375
3.9425
3.9575
3.965
3.995
3.975
3.9675
3.985
3.945
3.94
3.945
3.925
3.95
3.9625
3.95
3.9775
3.9925
4.0075
3.97
3.9425
3.915
3.9375
3.955
3.97
3.9625
3.9675
3.98
3.975
3.99
3.995
3.9675
3.93
3.9575
3.985
3.965
3.975
3.975
3.9525
3.9525
3.96
3.9725
3.935
3.91
3.8825
3.9175
3.9075
3.8725
3.8825
3.905
3.9175
3.905
3.9025
3.8675
3.9075
3.8925
3.93
3.9275
3.9275
3.9425
3.935
3.9825
3.9475
3.975
3.9575
3.9475
3.9075
3.905
3.9
3.8675
3.89
3.89
3.93
3.9025
3.885
3.8575
3.845
3.8675
3.875
3.84
3.835
3.855
3.8575
3.8825
3.9125
3.9225
3.925
3.945
3.9175
3.935
3.95
3.9725
3.99
4.005
4.01
4.0325
4.04
4.015
4.035
4.065
4.0625
4.0575
4.075
4.08
4.065
4.0775
4.0575
4.04
4.055
4.08
4.0425
4.0225
3.995
3.9875
3.95
3.975
3.98
3.9825
3.97
3.9775
3.9975
3.975
3.9525
3.9625
3.98
3.9875
3.95
3.9575
3.95
3.93
3.9375
3.935
3.905
3.9225
3.935
3.9275
3.9375
3.96
3.98
3.955
3.955
3.9425
3.965
3.9775
4.01
4.03
4.005
3.985
3.9725
3.985
3.985
3.9675
3.9725
3.9825
3.9575
3.9575
3.9775
3.9775
3.99
3.98
3.965
4.0075
4.0375
4.04
4.0325
4.0125
4.0125
4.0225
4.0125
4.0475
4.0525
4.0325
4.0125
4.0225
4.0325
4.0525
4.0275
4.0125
4.0175
4.035
4.01
4.0325
4.045
4.045
4.0575
4.08
4.08
4.0825
4.095
4.0675
4.0775
4.1
4.1075
4.1275
4.135
4.1075
4.115
4.14
4.1575
4.145
4.145
4.1625
4.1375
4.145
4.1175
4.0825
4.08
4.075
4.0975
4.0825
4.05
4.025
4.0575
4.055
4.0475
4.035
4.04
4.0575
4.085
4.1075
4.11
4.0875
4.065
4.0775
4.0525
4.055
4.065
4.0825
4.06
4.0775
4.05
4.0425
4.0575
4.0775
4.0425
4.0025
4.0025
4.015
3.9875
3.99
4.0
3.9975
4.0125
3.98
3.985
4.005
3.9775
3.995
4.0025
4.0075
4.0225
3.9975
3.99
4.0075
4.04
4.06
4.05
4.035
4.0225
4.0375
4.01
4.015
4.0275
4.045
4.0275
4.015
3.9975
3.9975
4.015
4.0375
4.0375
4.0575
4.0525
4.07
4.0475
4.07
4.05
4.0775
4.1
4.1275
4.1325
4.1075
4.0975
4.0775
4.0825
4.075
4.04
4.02
4.0225
4.035
4.06
4.0525
4.0825
4.065
4.0575
4.075
4.035
3.995
3.9975
4.0075
4.0275
4.02
4.03
4.04
4.0525
4.0425
4.0575
4.0325
4.0375
4.0525
4.0525
4.06
4.04
4.0725
4.0675
4.055
4.0625
4.045
4.015
3.99
3.98
3.95
3.9275
3.895
3.855
3.8425
3.8675
3.8775
3.8575
3.8525
3.8325
3.85
3.86
3.8625
3.875
3.9075
3.91
3.9275
3.9775
4.0
4.0025
3.9825
3.955
3.9875
3.9775
3.9725
3.99
3.975
4.01
4.04
4.0675
4.0775
4.055
4.0525
4.025
4.035
4.02
4.0425
4.075
4.1
4.07
4.0625
4.04
4.0475
4.07
4.0375
4.065
4.0825
4.0675
4.035
4.0375
4.0625
4.02
4.025
4.045
4.0475
4.0575
4.0725
4.09
4.1
4.1125
4.1225
4.1075
4.15
4.1325
4.1575
4.175
4.21
4.2125
4.23
4.2475
4.2125
4.18
4.1825
4.16
4.155
4.1675
4.16
4.1425
4.16
4.1275
4.13
4.145
4.16
4.16
4.1825
4.1775
4.155
4.155
4.1575
4.1625
4.1675
4.1675
4.16
4.125
4.0975
4.125
4.1525
4.2
4.205
4.1925
4.215
4.195
4.2175
4.23
4.2475
4.2475
4.2075
4.21
4.2275
4.2325
4.2525
4.2275
4.25
4.2425
4.2325
4.245
4.245
4.2275
4.235
4.2325
4.24
4.2175
4.2275
4.235
4.215
4.18
4.21
4.19
4.1875
4.1925
4.1975
4.1775
4.195
4.2
4.2125
4.23
4.175
4.1475
4.1025
4.12
4.0925
4.075
4.095
