4.56
4.515
4.4775
4.4825
4.4875
4.4875
4.49
4.4975
4.4975
4.505
4.49
4.5075
4.52
4.5225
4.5375
4.55
4.54
4.5275
4.5275
4.5275
4.5075
4.5025
4.5275
4.54
4.515
4.4975
4.5075
4.5375
4.4925
4.4775
4.4925
4.4525
4.4775
4.46
4.4475
4.4825
4.4675
4.4625
4.425
4.4425
4.455
4.415
4.4275
4.4525
4.4225
4.4075
4.395
4.3725
4.3825
4.345
4.36
4.345
4.365
4.3675
4.38
4.385
4.385
4.41
4.4425
4.4475
4.4425
4.465
4.4825
4.4925
4.5125
4.46
4.425
4.4125
4.42
4.4025
4.405
4.4
4.4
4.4125
4.39
4.405
4.4075
4.3775
4.38
4.3525
4.3675
4.37
4.375
4.415
4.385
4.4075
4.375
4.3575
4.3075
4.3225
4.3125
4.28
4.285
4.3325
4.34
4.2975
4.2925
4.2775
4.2725
4.285
4.305
4.26
4.255
4.2525
4.22
4.1675
4.165
4.1425
4.115
4.0975
4.115
4.115
4.0875
4.1175
4.1425
4.15
4.1325
4.1475
4.1575
4.1825
4.185
4.155
4.1625
4.195
4.18
4.2025
4.195
4.21
4.2
4.21
4.215
4.2025
4.1725
4.1425
4.145
4.1525
4.1375
4.135
4.1475
4.1325
4.145
4.105
4.1075
4.0725
4.06
4.07
4.05
4.0475
4.07
4.0625
4.095
4.0925
4.0975
4.12
4.0925
4.085
4.105
4.1125
4.085
4.12
4.1525
4.145
4.1225
4.1375
4.1125
4.095
4.0975
4.0875
4.095
4.075
4.0575
4.0425
4.0475
4.045
4.0
3.99
4.0125
3.99
3.9825
3.9775
3.9725
4.0075
4.03
4.025
4.02
4.035
4.02
3.9875
3.9575
3.9775
3.99
4.01
3.9775
3.9425
3.97
3.975
3.975
3.9725
3.9725
3.98
3.97
3.9575
3.96
3.9575
3.9225
3.9175
3.9025
3.8875
3.8775
3.855
3.8375
3.845
3.86
3.8775
3.8675
3.8525
3.8825
3.8875
3.9225
3.9
3.9025
3.885
3.8775
3.85
3.8625
3.8475
3.83
3.82
3.835
3.8325
3.8075
3.81
3.8275
3.825
3.7925
3.76
3.7725
3.775
3.805
3.7875
3.7825
3.805
3.7825
3.75
3.72
3.6975
3.7
3.7
3.7075
3.6975
3.6825
3.6725
3.6825
3.715
3.6875
3.655
3.6775
3.6775
3.685
3.695
3.7025
3.685
3.7225
3.735
3.76
3.785
3.815
3.8325
3.7925
3.7925
3.81
3.81
3.82
3.8125
3.8175
3.84
3.8525
3.85
3.8175
3.83
3.84
3.845
3.8475
3.825
3.8325
3.8275
3.82
3.79
3.81
3.82
3.805
3.8125
3.8075
3.825
3.8475
3.89
3.9075
3.885
3.885
3.8975
3.905
3.88
3.91
3.935
3.925
3.9125
3.895
3.9025
3.9125
3.9525
3.9525
3.97
3.96
3.9475
3.9525
3.93
3.91
3.945
3.97
3.985
3.995
4.0125
3.995
3.9725
3.975
3.985
3.955
3.93
3.9125
3.915
3.925
3.9475
3.94
3.97
3.94
3.9475
3.93
3.885
3.8725
3.875
3.845
3.8875
3.9075
3.905
3.9175
3.9275
3.8975
3.9175
3.9125
3.9225
3.9
3.915
3.955
3.97
3.9325
3.8925
3.9125
3.8925
3.845
3.8625
3.855
3.835
3.83
3.8275
3.825
3.8375
3.8425
3.8475
3.855
3.8175
3.8
3.8075
3.795
3.815
3.77
3.77
3.72
3.7475
3.77
3.7275
3.765
3.7625
3.785
3.83
3.835
3.865
3.8425
3.8575
3.83
3.8425
3.85
3.82
3.825
3.805
3.835
3.84
3.825
3.8525
3.8225
3.8475
3.8375
3.795
3.8075
3.81
3.7925
3.7975
3.8225
3.8025
3.795
3.8075
3.8225
3.8275
3.83
3.835
3.8125
3.8
3.785
3.7675
3.785
3.79
3.7525
3.7325
3.725
3.6975
3.7075
3.69
3.6875
3.6675
3.6575
3.67
3.6975
3.7075
3.705
3.7125
3.7325
3.7375
3.7775
3.7775
3.7625
3.7975
3.8
3.77
3.765
3.7625
3.7975
3.795
3.8
3.7575
3.77
3.7875
3.81
3.8225
3.795
3.8025
3.775
3.7875
3.7875
3.8025
3.7825
3.77
3.7725
3.7875
3.7575
3.7375
3.7175
3.715
3.7475
3.745
3.7425
3.7575
3.7575
3.7625
3.7625
3.7875
3.7675
3.7775
3.765
3.775
3.805
3.805
3.8175
3.81
3.81
3.8375
3.8225
3.865
3.8775
3.8725
3.865
3.845
3.8725
3.8675
3.8425
3.8475
3.8575
3.88
3.8775
3.855
3.8575
3.8925
3.915
3.8925
3.91
3.9
3.8775
3.8675
3.845
3.8575
3.8625
3.88
3.8875
3.9025
3.9125
3.925
3.8975
3.9175
3.9325
3.905
3.91
3.9225
3.9525
3.9275
3.9125
3.9225
3.895
3.91
3.9325
3.9525
3.9225
3.9
3.8725
3.87
3.89
3.875
3.9125
3.925
3.9025
3.87
3.8725
3.8875
3.86
3.8725
3.865
3.835
3.85
3.82
3.795
3.7925
3.7875
3.7775
3.755
3.7375
3.755
3.7675
3.77
3.77
3.8
3.7875
3.7825
3.7875
3.805
3.78
3.7725
3.745
3.7425
3.7475
3.7625
3.7825
3.7975
3.8275
3.8075
3.8125
3.8275
3.84
3.8325
3.855
3.83
3.81
3.8325
3.8675
3.835
3.86
3.8625
3.8275
3.8425
3.815
3.805
3.8225
3.7975
3.805
3.81
3.825
3.8025
3.7725
3.8025
3.82
3.805
3.7975
3.785
3.7975
3.815
3.8275
3.8475
3.8475
3.87
3.8375
3.8775
3.8725
3.8825
3.8575
3.87
3.8475
3.865
3.86
3.8375
3.83
3.82
3.8
3.7725
3.7925
3.8
3.8025
3.7875
3.8
3.8
3.795
3.785
3.765
3.775
3.765
3.745
3.765
3.7425
3.7325
3.74
3.7575
3.7475
3.7275
3.725
3.75
3.715
3.7275
3.705
3.7275
3.7075
3.7275
3.69
3.685
3.6925
3.7
3.7125
3.7
3.6725
3.695
3.685
3.6925
3.71
3.715
3.7125
3.7275
3.745
3.755
3.7625
3.775
3.755
3.7775
3.755
3.73
3.7575
3.7475
3.7925
3.8125
3.8175
3.815
3.8375
3.8425
3.8675
3.91
3.905
3.9175
3.9375
3.9625
3.9875
3.965
3.935
3.895
3.8825
3.875
3.9025
3.9075
3.9075
3.8975
3.88
3.8875
3.865
3.8925
3.8875
3.8675
3.8625
3.815
3.825
3.84
3.8375
3.835
3.8675
3.89
3.8625
3.8775
3.86
3.8375
3.8375
3.8075
3.77
3.8025
3.835
3.8225
3.8475
3.885
3.85
3.8725
3.905
3.93
3.94
3.97
3.9975
3.9775
3.96
3.9475
3.97
3.9325
3.9325
3.9525
3.9975
4.0275
4.035
4.0325
3.9975
4.0125
3.9925
3.9975
3.9975
3.9875
3.98
3.9825
3.9925
4.02
4.005
4.025
4.03
4.02
4.03
4.06
4.05
4.095
4.13
4.1325
4.1475
4.1625
4.175
4.17
4.1825
4.1925
4.2025
4.2175
4.2275
4.195
4.195
4.175
4.1925
4.18
4.1775
4.18
4.1975
4.2125
4.185
4.2125
4.25
4.2775
4.3
4.31
4.315
4.2825
4.275
4.235
4.24
4.23
4.205
4.2175
4.2
4.1725
4.1825
4.19
4.17
4.1925
4.175
4.195
4.2175
4.1975
4.1675
4.1675
4.2025
4.175
4.205
4.1775
4.155
4.16
4.14
4.125
4.1325
4.13
4.1175
4.1425
4.1375
4.1375
4.1125
4.095
4.1125
4.13
4.105
4.0825
4.08
4.11
4.125
4.155
4.1275
4.095
4.105
4.1125
4.075
4.0725
4.07
4.045
4.025
4.0275
4.04
4.0525
4.0425
4.05
4.03
4.0175
3.985
3.9725
3.99
3.97
3.985
3.9825
3.995
4.0125
4.04
4.0275
4.0225
4.02
4.0125
3.985
3.9825
3.985
3.9975
4.005
3.975
3.98
4.005
4.025
4.0325
4.0075
4.0075
4.0225
4.02
4.0375
4.065
4.0475
4.075
4.1
4.08
4.07
4.0625
4.0825
4.065
4.0525
4.0525
4.0175
4.03
4.0475
4.055
4.06
4.0375
4.0125
4.025
4.0175
4.02
4.015
4.01
3.9825
3.9825
3.985
4.005
4.0325
4.0375
4.0175
4.0225
4.04
4.045
4.07
4.0825
4.095
4.1525
4.14
4.1225
4.1075
4.11
4.1375
4.18
4.1975
4.1825
4.2225
4.2325
4.2125
4.2275
4.24
4.2125
4.2425
4.2525
4.24
4.2675
4.275
4.25
4.2675
4.245
4.275
4.2625
4.2625
4.2675
4.2475
4.27
4.24
4.23
4.23
4.2375
4.2525
4.2375
4.265
4.2725
4.235
4.2425
4.2475
4.27
4.28
4.28
4.3025
4.32
4.35
4.3625
4.3775
4.4125
4.385
4.3575
4.3475
4.3125
4.3275
4.2975
4.3025
4.31
4.335
4.3225
4.3075
4.29
4.2675
4.2425
4.2525
4.265
4.2725
4.3075
4.3375
4.3425
4.3575
4.345
4.3525
4.385
4.38
4.4
4.4025
4.39
4.4275
4.43
4.45
4.4575
4.4875
4.5
4.49
4.48
4.44
4.41
4.4025
4.3825
4.3825
4.41
4.4375
4.4325
4.3875
4.3975
4.4175
4.4275
4.435
4.4075
4.395
4.375
4.38
4.3925
4.3975
4.4025
4.4175
4.3925
4.385
4.36
4.3625
4.375
4.35
4.3475
4.3075
4.34
4.3325
4.31
4.335
4.365
4.39
4.42
4.41
4.3725
4.38
4.3675
4.37
4.3575
4.315
4.345
4.3175
4.31
4.3
4.305
4.305
4.285
4.3
4.315
4.32
4.3475
4.375
4.3475
4.3225
4.285
4.2825
4.25
4.275
4.2325
4.2375
4.2425
4.2575
4.2725
4.2625
4.24
4.2225
4.2425
4.2275
4.225
4.24
4.28
4.29
4.27
4.25
4.2575
4.25
4.2175
4.2075
4.2125
4.205
4.2175
4.1925
4.2175
4.2275
4.2325
4.265
4.26
4.2875
4.2875
4.27
4.275
4.305
4.29
4.2825
4.2675
4.2475
4.255
4.285
4.2625
4.22
4.23
4.22
4.215
4.1625
4.17
4.1875
4.195
4.1925
4.1775
4.1825
4.175
4.1625
4.14
4.16
4.16
4.16
4.1475
4.14
4.14
4.12
4.135
4.155
4.155
4.1375
4.135
4.1375
4.16
4.18
4.1725
4.18
4.205
4.1875
4.205
4.1825
4.19
4.1975
4.1925
4.18
4.19
4.175
4.1525
4.175
4.1925
4.175
4.16
4.155
4.1725
4.1525
4.12
4.105
4.07
4.0875
4.0575
4.0575
4.0875
4.1
4.115
4.125
4.135
4.13
4.1725
4.195
4.2225
4.195
4.2075
4.22
4.19
4.17
4.1575
4.165
4.19
4.2225
4.2275
4.2525
4.265
4.2325
4.2375
4.2075
4.2325
4.245
4.255
4.27
4.2875
4.3
4.28
4.2875
4.3
4.3075
4.3275
4.3425
4.3725
4.355
4.355
4.3475
4.325
4.2825
4.2775
4.285
4.2925
4.26
4.2725
4.295
4.265
4.275
4.2525
4.28
4.285
4.3025
4.2925
4.305
4.2825
4.305
4.2675
4.2975
4.2725
4.235
4.245
4.205
4.185
4.1925
4.1775
4.175
4.1975
4.2225
4.195
4.19
4.21
4.215
4.195
4.1725
4.155
4.1775
4.185
4.155
4.1525
4.1275
4.1275
4.1325
4.1575
4.1725
4.2125
4.2175
4.225
4.2
4.1975
4.2175
4.2225
4.235
4.2575
4.2375
4.26
4.3075
4.325
4.27
4.26
4.28
4.265
4.26
4.265
4.2475
4.2475
4.225
4.22
4.245
4.2225
4.2175
4.215
4.1925
4.205
4.2375
4.2625
4.2725
4.2675
4.2575
4.265
4.2925
4.2875
4.28
4.255
4.265
4.2475
4.26
4.285
4.315
4.3375
4.3525
4.3875
4.355
4.37
4.3975
4.3725
4.385
4.365
4.3225
4.33
4.3375
4.3225
4.305
4.285
4.3
4.305
4.335
4.335
4.3675
4.3775
4.365
4.3675
4.405
4.4125
4.4175
4.38
4.375
4.3725
4.34
4.355
4.345
4.36
4.3775
4.3675
4.3475
4.37
4.3425
4.35
4.3275
4.3475
4.35
4.37
4.3975
4.41
4.41
4.4275
4.445
4.455
4.425
4.4475
4.4275
4.445
4.42
4.4175
4.3925
4.4075
4.4125
4.4
4.43
4.43
4.4425
4.4625
4.43
4.445
4.4475
4.42
4.39
4.4425
4.4825
4.4875
4.465
4.4425
4.425
4.395
4.405
4.3925
4.4125
4.41
4.43
4.4025
4.39
4.3975
4.37
4.405
4.41
4.4125
4.4075
4.39
4.3775
4.3575
4.3925
4.4025
4.3725
4.355
4.3675
4.37
4.3375
4.3525
4.3775
4.3975
4.3825
4.3525
4.3525
4.32
4.28
4.31
4.3375
4.3525
4.3325
4.295
4.26
4.265
4.28
4.2725
4.26
4.24
4.2225
4.19
4.195
4.165
4.145
4.175
4.18
4.15
4.1325
4.1175
4.13
4.1075
4.115
4.075
4.0575
4.0875
4.08
4.0725
4.0875
4.0925
4.0975
4.1175
4.1025
4.08
4.105
4.12
4.1375
4.105
4.12
4.1025
4.08
4.1125
4.0775
4.09
4.12
4.1475
4.13
4.125
4.1275
4.1425
4.135
4.1425
4.115
4.1325
4.1025
4.11
4.1125
4.1225
4.0925
4.115
4.13
4.1225
4.0925
4.1
4.1025
4.0775
4.0825
4.1075
4.1125
4.0975
4.125
4.1275
4.125
4.0875
4.105
4.1225
4.085
4.1
4.1125
4.0925
4.06
4.0475
4.0125
4.03
4.055
4.05
4.0325
4.035
4.0275
4.0025
4.01
4.0125
4.0275
4.02
4.0525
4.055
4.03
4.04
4.0425
4.04
4.0175
4.025
4.0225
4.0025
4.0075
3.9825
4.0125
4.0425
4.06
4.025
4.0375
4.025
4.03
4.03
4.03
3.9925
4.0375
4.01
4.0125
4.0125
3.9875
3.9775
3.97
3.9875
3.9825
4.0025
4.0125
3.985
4.0
4.0025
4.0175
4.005
4.0075
4.0125
4.005
4.0325
4.0425
4.0525
4.025
4.0075
4.0375
4.0625
4.055
4.065
4.0675
4.07
4.04
4.0475
4.0375
4.0425
4.0625
4.065
4.045
4.06
4.0825
4.0925
4.105
4.0925
4.13
4.1075
4.11
4.0925
4.07
4.1
4.0975
4.11
4.0925
4.1175
4.1175
4.135
4.1675
4.1175
4.08
4.0825
4.0825
4.095
4.0825
4.08
4.05
4.0725
4.0425
4.01
4.0175
4.0425
4.04
4.04
4.0675
4.0475
4.035
4.05
4.0775
4.1
4.095
4.095
4.0925
4.0775
4.085
4.06
4.04
4.0575
4.0625
4.07
4.0475
4.0325
4.0175
3.9825
3.9725
3.99
4.0075
4.0075
4.0275
4.03
4.03
4.05
4.05
4.0425
4.0075
4.03
4.02
3.9925
3.9925
3.9775
3.975
4.0
4.0225
4.005
4.03
4.0425
4.055
4.0575
4.0625
4.095
4.11
4.0875
4.08
4.09
4.1175
4.14
4.1725
4.175
4.1775
4.1725
4.165
4.1325
4.1075
4.125
4.1225
4.1025
4.1275
4.145
4.1625
4.1825
4.2075
4.19
4.2325
4.2725
4.2875
4.305
4.3025
4.29
4.28
4.255
4.2775
4.2825
4.2675
4.285
4.2625
4.25
4.27
4.255
4.2625
4.2925
4.275
4.29
4.29
4.2875
4.31
4.315
4.2875
4.3025
4.2725
4.255
4.27
4.2875
4.2725
4.28
4.265
4.2425
4.2275
4.205
4.1975
4.1975
4.2175
4.2325
4.2
4.18
4.1925
4.175
4.175
4.1925
4.2125
4.195
4.22
4.2325
4.245
4.25
4.2825
4.2675
4.23
4.215
4.24
4.2125
4.185
4.16
4.1825
4.185
4.195
4.1575
4.135
4.1175
4.1425
4.16
4.1725
4.18
4.16
4.185
4.1875
4.19
4.185
4.1775
4.215
4.165
4.18
4.1725
4.17
4.1775
4.16
4.1875
4.18
4.205
4.1775
4.15
4.105
4.095
4.0975
4.1025
4.135
4.1525
4.1525
4.175
4.175
4.145
4.1575
4.145
4.1525
4.1575
4.1375
4.115
4.115
4.1475
4.1375
4.15
4.15
4.1525
4.1525
4.13
4.14
4.145
4.1175
4.135
4.13
4.1025
4.12
4.12
4.1325
4.105
4.1375
4.1175
4.0875
4.075
4.085
4.1
4.1075
4.135
4.0925
4.0875
4.0975
4.085
4.0925
4.0675
4.06
4.0575
4.0825
4.075
4.0825
4.07
4.0525
4.0625
4.08
4.105
4.0675
4.075
4.0775
4.0575
4.0475
4.0625
4.0675
4.0675
4.095
4.085
4.0475
4.03
4.005
4.0125
4.0375
4.0325
4.01
3.9825
4.0
4.02
4.05
4.0375
4.0625
4.065
4.04
4.0475
4.035
4.06
4.08
4.0875
4.0975
4.115
4.1525
4.13
4.135
4.1125
4.1025
4.115
4.13
4.1525
4.16
4.165
4.1475
4.17
4.15
4.16
4.1675
4.1825
4.2
4.215
4.2075
4.2025
4.23
4.2425
4.25
4.2125
4.235
4.25
4.27
4.2725
4.24
4.21
4.2175
4.1975
4.1825
4.195
4.18
4.1525
4.19
4.21
4.2075
4.2175
4.215
4.205
4.2175
4.2025
4.2175
4.225
4.215
4.215
4.24
4.205
4.195
4.2075
4.1875
4.21
4.1925
4.2
4.2075
4.19
4.18
4.1975
4.225
4.18
4.2025
4.195
4.18
4.1525
4.135
4.1475
4.14
4.1475
4.175
4.1825
4.185
4.2125
4.225
4.225
4.2375
4.225
4.1825
4.1875
4.2175
4.23
4.2275
4.1875
4.1975
4.16
4.1625
4.175
4.155
4.14
4.1275
4.145
4.135
4.1625
4.14
4.145
4.17
4.185
4.175
4.19
4.175
4.1875
4.155
4.1375
4.11
4.1275
4.14
4.1225
4.0825
4.09
4.0775
4.04
4.0425
4.0625
4.0375
4.0275
4.025
4.02
4.01
3.9825
4.005
4.0225
4.0225
3.9975
3.985
3.98
3.9825
3.985
3.9975
4.02
4.0475
4.0625
4.085
4.095
4.0975
4.0875
4.085
4.1
4.1025
4.08
4.0825
4.0875
4.1025
4.0825
4.085
4.045
4.055
4.075
4.08
4.0525
4.0525
4.055
4.075
4.0275
4.01
4.0375
4.0425
4.0125
4.045
4.0475
4.0475
4.05
4.04
4.0425
4.065
4.0475
4.0025
4.015
4.0275
4.055
4.075
4.0825
4.09
4.0775
4.08
4.0675
4.0975
4.11
4.1225
4.12
4.1225
4.155
4.165
4.185
4.185
4.18
4.1975
4.22
4.2325
4.255
4.2175
4.23
4.2475
4.2775
4.2675
4.25
4.2525
4.215
4.175
4.1675
4.2025
4.22
4.2
4.21
4.2025
4.2025
4.2175
4.23
4.24
4.2825
4.2925
4.2875
4.2925
4.275
4.285
4.2875
4.275
4.2725
4.285
4.29
4.3175
4.325
4.3
4.3075
4.3175
4.3125
4.3125
4.2925
4.2875
4.26
4.27
4.295
4.3125
4.315
4.33
4.315
4.3125
4.3375
4.35
4.3675
4.365
4.3475
4.315
4.305
4.32
4.34
4.3625
4.3375
4.3125
4.295
4.27
4.28
4.26
4.2425
4.26
4.2225
4.2225
4.1925
4.215
4.19
4.2075
4.2025
4.1925
4.1825
4.18
4.165
4.1575
4.1925
4.175
4.1575
4.1625
4.1425
4.1425
4.1725
4.185
4.155
4.175
4.1825
4.2025
4.2425
4.275
4.2875
4.31
4.33
4.3475
4.35
4.3475
4.315
4.33
4.3275
4.275
4.2725
4.2925
4.3075
4.2825
4.25
4.2425
4.2175
4.19
4.195
4.2
4.1725
4.185
4.18
4.17
4.145
4.1175
4.1275
4.145
4.175
4.1525
4.115
4.1225
4.145
4.1675
4.1875
4.1975
4.16
4.1725
4.1625
4.17
4.15
4.115
4.1075
4.1275
4.1375
4.13
4.1025
4.1075
4.115
4.0675
4.0425
4.03
4.045
4.04
4.05
4.0475
4.07
4.04
4.0275
4.04
4.0575
4.035
4.055
4.025
4.0475
4.075
4.085
4.095
4.1025
4.1225
4.13
4.155
4.165
4.1775
4.19
4.1725
4.1675
4.1775
4.2
4.215
4.255
4.2325
4.2425
4.26
4.2475
4.2575
4.225
4.265
4.2475
4.2325
4.2375
4.25
4.215
4.2225
4.25
4.2475
4.2525
4.24
4.22
4.23
4.245
4.2525
4.275
4.29
4.3325
4.35
4.3575
4.38
4.3775
4.3825
4.36
4.3725
4.3875
4.3575
4.3775
4.365
4.3375
4.33
4.355
4.365
4.36
4.335
4.355
4.3675
4.3825
4.3925
4.42
4.4325
4.415
4.3825
4.3875
4.4
4.415
4.4025
4.425
4.4275
4.42
4.4375
4.4675
4.4525
4.4225
4.4425
4.4425
4.445
4.4125
4.4275
4.435
4.4375
4.4525
4.4425
4.4325
4.43
4.4125
4.3975
4.3725
4.385
4.365
4.3775
4.395
4.3725
4.39
4.3675
4.3825
4.3475
4.335
4.3075
4.3225
4.3275
4.3375
4.365
4.3825
4.345
4.3525
4.3475
4.365
4.395
4.39
4.3625
4.3925
4.3775
4.3575
4.3675
4.35
4.3475
4.375
4.345
4.3575
4.355
4.3875
4.4025
4.4025
4.42
4.4025
4.405
4.4375
4.4575
4.4625
4.4725
4.475
4.4475
4.4675
4.4425
4.45
4.4075
4.4175
4.46
4.4425
4.4775
4.49
4.49
4.4925
4.5075
4.485
4.5125
4.4675
4.5025
4.5
4.515
4.4825
4.46
4.44
4.4575
4.47
4.4575
4.46
4.49
4.5025
4.5325
4.535
4.51
4.5075
4.51
4.515
4.5075
4.505
4.5025
4.4825
4.5225
4.525
4.5425
4.55
4.56
4.5675
4.585
4.56
4.57
4.585
4.5625
4.5525
4.58
4.55
4.55
4.5525
4.525
4.5425
4.5175
4.52
4.485
4.485
4.4625
4.4325
4.4275
4.4375
4.41
4.445
4.445
4.4275
4.455
4.47
4.495
4.4625
4.4925
4.455
4.455
4.43
4.4325
4.455
4.475
4.495
4.5125
4.5075
4.475
4.4925
4.485
4.46
4.475
4.505
4.53
4.545
4.5675
4.535
4.515
4.485
4.5
4.455
4.435
4.4525
4.44
4.4625
4.435
4.4475
4.43
4.4475
4.4225
4.42
4.4225
4.43
4.45
4.46
4.465
4.48
4.4775
4.5
4.48
4.5025
4.5175
4.55
4.5225
4.54
4.5075
4.525
4.5025
4.5225
4.51
4.4925
4.45
4.4225
4.45
4.4125
4.4075
4.4275
4.455
4.46
4.44
4.4125
4.425
4.41
4.4225
4.4325
4.455
4.4625
4.44
4.4125
4.435
4.445
4.4175
4.4075
4.435
4.41
4.43
4.4475
4.4575
4.45
4.445
4.4775
4.4875
4.485
4.5025
4.55
4.5275
4.5525
4.555
4.5475
4.54
4.5425
4.5575
4.575
4.59
4.5775
4.5825
4.5825
4.5725
4.545
4.56
4.5575
4.53
4.565
4.5775
4.56
4.575
4.535
4.5475
4.575
4.5825
4.5975
4.5975
4.6325
4.59
4.605
4.615
4.625
4.6425
4.625
4.685
4.6525
4.62
4.635
4.635
4.6475
4.67
4.645
4.615
4.61
4.605
4.58
4.5975
4.5875
4.5625
4.545
4.545
4.5525
4.56
4.5825
4.565
4.57
4.595
4.6175
4.62
4.6025
4.5675
4.5875
4.595
4.61
4.6075
4.5775
4.615
4.6125
4.615
4.6275
4.6425
4.675
4.66
4.6675
4.685
4.705
4.675
4.6425
4.65
4.625
4.61
4.6125
4.635
4.615
4.6025
4.62
4.605
4.635
4.64
4.65
4.6375
4.655
4.635
4.615
4.59
4.61
4.5975
4.6175
4.5825
4.56
4.57
4.5325
4.555
4.555
4.54
4.54
4.55
4.525
4.52
4.5325
4.5025
4.5225
4.5175
4.52
4.525
4.5075
4.5375
4.55
4.5575
4.5525
4.565
4.5725
4.5475
4.56
4.57
4.53
4.515
4.525
4.4975
4.475
4.4775
4.4375
4.4425
4.3925
4.3975
4.3975
4.395
4.3925
4.405
4.3775
4.385
4.35
4.3475
4.3325
4.35
4.3075
4.2775
4.285
4.2775
4.2725
4.2775
4.245
4.2175
4.2375
4.265
4.295
4.31
4.285
4.2825
4.29
4.2975
4.31
4.3075
4.3325
4.35
4.3775
4.385
4.4025
4.395
4.3825
4.4
4.3675
4.365
4.3925
4.4
4.3625
4.335
4.3375
4.35
4.3125
4.2975
4.2725
4.2925
4.3075
4.31
4.27
4.285
4.31
4.3125
4.325
4.3375
4.3275
4.3275
4.345
4.36
4.365
4.365
4.34
4.345
4.345
4.3625
4.365
4.3475
4.36
4.3775
4.3425
4.315
4.3225
4.3
4.295
4.305
4.2775
4.2825
4.2625
4.28
4.27
4.2975
4.275
4.2925
4.3025
4.3275
4.31
4.3525
4.3175
4.335
4.3525
4.3575
4.335
4.3275
4.295
4.2725
4.2975
4.285
4.3075
4.3125
4.285
4.305
4.2725
4.245
4.26
4.285
4.2875
4.2675
4.27
4.2375
4.2375
4.2475
4.255
4.2325
4.255
4.2675
4.25
4.2425
4.255
4.235
4.255
4.2225
4.24
4.25
4.265
4.3
4.3325
4.305
4.305
4.31
4.3175
4.2825
4.315
4.355
4.365
4.355
4.37
4.38
4.375
4.345
4.315
4.33
4.345
4.3425
4.35
4.3525
4.3675
4.3325
4.375
4.375
4.36
4.4
4.4175
4.38
4.3925
4.3525
4.3475
4.3125
4.28
4.2725
4.2275
4.2175
4.19
4.1775
4.18
4.1575
4.16
4.1575
4.18
4.16
4.1825
4.205
4.1775
4.145
4.12
4.125
4.125
4.125
4.1325
4.12
4.1425
4.1425
4.1325
4.1375
4.155
4.16
4.1975
4.1775
4.165
4.165
4.1825
4.16
4.16
4.175
4.16
4.1475
4.1375
4.1075
4.1375
4.1475
4.125
4.135
4.11
4.1125
4.125
4.12
4.1525
4.1275
4.1025
4.095
4.08
4.075
4.0625
4.0525
4.075
4.095
4.09
4.1025
4.1125
4.0725
4.0625
4.0725
4.0675
4.0425
4.04
4.055
4.0275
4.0425
4.0625
4.0675
4.075
4.0775
4.065
4.075
4.06
4.065
4.02
4.03
4.0025
3.9775
3.9875
4.0225
4.03
4.0425
4.055
4.0325
4.0325
4.0475
4.0675
4.0575
4.0625
4.08
4.09
4.0625
4.035
4.01
4.005
4.03
4.03
4.04
4.06
4.055
4.0675
4.0875
4.0725
4.0725
4.0425
4.025
4.0225
4.0125
3.9875
3.9925
3.9925
3.99
4.0225
3.9925
4.015
4.03
4.055
4.0575
4.045
4.0075
4.04
4.055
4.035
4.0325
4.05
4.05
4.0375
3.98
3.975
3.955
3.96
3.9925
3.9925
3.995
4.005
3.9975
4.0
4.005
3.9825
3.965
3.9725
3.9475
3.955
3.965
3.9575
3.9675
3.97
3.985
4.01
3.9825
4.0
4.0025
3.9975
4.0025
4.02
4.0075
4.005
3.985
3.97
3.96
3.9525
3.9675
3.9525
3.9725
3.9575
3.96
3.9625
3.985
3.99
4.015
4.015
4.0175
4.0125
4.005
4.0175
4.025
4.0325
4.035
4.055
4.025
4.05
4.0125
4.015
4.03
4.0175
4.0225
4.055
4.065
4.0975
4.1175
4.12
4.1075
4.105
4.12
4.095
4.0975
4.07
4.075
4.07
4.0925
4.1325
4.12
4.125
4.115
4.125
4.13
4.0925
4.0875
4.0975
4.1125
4.115
4.1225
4.1025
4.1125
4.1
4.12
4.1475
4.13
4.165
4.1825
4.195
4.2075
4.2075
4.235
4.235
4.245
4.275
4.26
4.2425
4.24
4.2425
4.26
4.29
4.3075
4.33
4.315
4.3275
4.32
4.3475
4.3875
4.3525
4.34
4.3225
4.325
4.3225
4.3025
4.3125
4.315
4.3225
4.32
4.3025
4.26
4.275
4.2875
4.305
4.2825
4.2925
4.315
4.3075
4.3
4.295
4.3025
4.27
4.2725
4.3025
4.3225
4.3475
4.375
4.3275
4.3425
4.355
4.3675
4.3825
4.395
4.3975
4.415
4.4
4.385
4.395
4.4175
4.425
4.4325
4.4625
4.445
4.4625
4.4625
4.435
4.46
4.47
4.4775
4.455
4.4375
4.4175
4.4275
4.43
4.4325
4.4325
4.4675
4.4675
4.4775
4.4975
4.4675
4.46
4.47
4.4475
4.4275
4.4025
4.425
4.415
4.42
4.4475
4.4325
4.415
4.405
4.3675
4.36
4.35
4.3675
4.3725
4.3925
4.3725
4.375
4.365
4.3675
4.405
4.4175
4.4175
4.405
4.4225
4.435
4.42
4.385
4.3975
4.42
4.41
4.3875
4.34
4.3575
4.395
4.4125
4.395
4.38
4.3775
4.4025
4.4325
4.425
4.4125
4.42
4.3975
4.38
4.3575
4.3325
4.3375
4.3275
4.3325
4.33
4.3575
4.375
4.4
4.41
4.4125
4.385
4.3575
4.3725
4.3825
4.41
4.4125
4.44
4.4075
4.395
4.4025
4.4175
4.405
4.37
4.38
4.3875
4.4025
4.425
4.445
4.425
4.4
4.405
4.435
4.45
4.4375
4.445
4.4625
4.475
4.49
4.46
4.455
4.455
4.4525
4.4575
4.455
4.435
4.435
4.39
4.3925
4.3675
4.3725
4.3725
4.365
4.3675
4.3475
4.34
4.32
4.315
4.3025
4.275
4.245
4.2575
4.2625
4.29
4.255
4.2675
4.2675
4.265
4.2875
4.3
4.3225
4.31
4.3175
4.2725
4.25
4.28
4.29
4.2575
4.2925
4.2875
4.3
4.315
4.3175
4.295
4.2875
4.2775
4.26
4.265
4.255
4.27
4.265
4.295
4.315
4.285
4.2825
4.2475
4.2325
4.2475
4.2225
4.2375
4.2475
4.24
4.2425
4.26
4.25
4.22
4.24
4.25
4.26
4.2625
4.28
4.28
4.3
4.3125
4.335
4.3575
4.3625
4.34
4.33
4.3525
4.36
4.3775
4.3875
4.405
4.3725
4.38
4.3875
4.38
4.38
4.365
4.3375
4.3475
4.3675
4.3775
4.3675
4.35
4.32
4.2675
4.265
4.23
4.2325
4.2275
4.2325
4.2675
4.275
4.2975
4.275
4.2925
4.315
4.365
4.355
4.365
4.39
4.405
4.44
4.4375
4.4125
4.41
4.39
4.4
4.4125
4.43
4.4525
4.4275
4.405
4.4225
4.4
4.39
4.385
4.3825
4.375
4.34
4.3175
4.335
4.35
4.3475
4.3175
4.3525
4.34
4.33
4.3575
4.365
4.375
4.3775
4.4
4.415
4.4025
4.4175
4.45
4.4325
4.425
4.41
4.43
4.415
4.4425
4.4425
4.4175
4.4
4.39
4.405
4.375
4.41
4.4125
4.3875
4.3525
4.3375
4.34
4.375
4.39
4.3975
4.4275
4.41
4.41
4.4275
4.4375
4.45
4.4675
4.44
4.465
4.4775
4.4875
4.5025
4.465
4.445
4.4275
4.405
4.41
4.4175
4.4475
4.455
4.485
4.4525
4.475
4.475
4.5075
4.5275
4.4825
4.465
4.48
4.49
4.485
4.4625
4.465
4.4925
4.4825
4.495
4.5325
4.5325
4.545
4.5625
4.555
4.5625
4.5375
4.5125
4.4775
4.4725
4.49
4.495
4.4875
4.4925
4.5
4.5
4.4775
4.5025
4.505
4.4775
4.475
4.435
4.4525
4.5
4.5225
4.54
4.515
4.545
4.52
4.515
4.525
4.5475
4.56
4.5275
4.5175
4.535
4.55
4.5275
4.53
4.5225
4.5425
4.5575
4.53
4.5625
4.57
4.575
4.5475
4.545
4.5525
4.575
4.56
4.525
4.5325
4.5425
4.53
4.56
4.5575
4.595
4.6025
4.605
4.5875
4.605
4.61
4.625
4.655
4.67
4.6725
4.6875
4.675
4.7025
4.705
4.7375
4.745
4.7075
4.6925
4.6875
4.6775
4.7
4.7075
4.715
4.68
4.675
4.69
4.6775
4.6975
4.675
4.68
4.68
4.685
4.66
4.6325
4.5975
4.625
4.6175
4.62
4.6425
4.665
4.63
4.6125
4.6
4.595
4.5925
4.605
4.62
4.595
4.62
4.65
4.62
4.615
4.635
4.6375
4.6525
4.665
4.69
4.655
4.67
4.6825
4.655
4.7
4.7025
4.7025
4.7175
4.715
4.7125
4.7325
4.7075
4.7125
4.7075
4.7025
4.735
4.695
4.7175
4.6725
4.6475
4.6625
4.6675
4.6325
4.6525
4.6575
4.6575
4.67
4.67
4.6475
4.6225
4.605
4.5725
4.5425
4.5475
4.5525
4.5475
4.55
4.53
4.5575
4.5375
4.4875
4.4575
4.465
4.435
4.4075
4.405
4.405
4.4275
4.435
4.45
4.435
4.4525
4.4575
4.475
4.49
4.4825
4.5
4.4775
4.49
4.5125
4.5425
4.5225
4.4925
4.4675
4.4775
4.4925
4.5075
4.5125
4.525
4.5075
4.5275
4.5525
4.55
4.5625
4.53
4.5175
4.5425
4.545
4.525
4.5
4.47
4.4425
4.4375
4.415
4.4375
4.455
4.4775
4.4625
4.455
4.43
4.4475
4.4625
4.4725
4.4475
4.435
4.405
4.415
4.42
4.4275
4.4575
4.4775
4.5
4.505
4.4875
4.5175
4.5475
4.56
4.565
4.555
4.5525
4.55
4.5775
4.545
4.585
4.595
4.5775
4.595
4.6
4.5875
4.5675
4.565
4.52
4.53
4.54
4.5125
4.5225
4.5
4.4975
4.4925
4.49
4.46
4.4425
4.4375
4.4375
4.455
4.45
4.43
4.4025
4.4275
4.3875
4.3875
4.3975
4.3925
4.4375
4.465
4.485
4.4825
4.5
4.505
4.475
4.475
4.46
4.435
4.4775
4.505
4.53
4.56
4.5525
4.5475
4.5475
4.555
4.57
4.5625
4.5325
4.5275
4.5425
4.53
4.54
4.5275
4.5325
4.5425
4.51
4.4825
4.4975
4.4925
4.5075
4.4925
4.46
4.455
4.4125
4.43
4.4325
4.4375
4.4175
4.3925
4.4125
4.4275
4.4
4.405
4.37
4.37
4.395
4.4175
4.4175
4.45
4.425
4.4025
4.4025
4.4225
4.425
4.44
4.445
4.41
4.3925
4.385
4.3475
4.325
4.3125
4.2775
4.295
4.3025
4.3025
4.3025
4.3025
4.325
4.355
4.365
4.395
4.3975
4.4075
4.41
4.425
4.4425
4.44
4.46
4.4775
4.45
4.4275
4.3975
4.415
4.3875
4.37
4.38
4.3775
4.355
4.36
4.3625
4.3675
4.405
4.4
4.3875
