4.5075
4.4925
4.5025
4.51
4.5
4.5025
4.5225
4.5525
4.5425
4.5425
4.5025
4.475
4.485
4.4675
4.4725
4.49
4.49
4.46
4.4725
4.4625
4.435
4.405
4.3775
4.355
4.3575
4.325
4.3075
4.3175
4.305
4.29
4.305
4.32
4.28
4.2975
4.3075
4.325
4.3275
4.3425
4.3225
4.2975
4.2875
4.275
4.2375
4.2
4.2025
4.23
4.2275
4.2025
4.225
4.2075
4.1725
4.185
4.1675
4.19
4.1575
4.19
4.2025
4.1875
4.1525
4.1775
4.1725
4.195
4.1725
4.2025
4.2125
4.205
4.22
4.19
4.1675
4.1725
4.17
4.145
4.145
4.1275
4.0875
4.095
4.1025
4.115
4.09
4.0875
4.0775
4.0825
4.0775
4.0375
4.02
4.015
4.0175
4.0475
4.055
4.0425
4.0975
4.105
4.11
4.135
4.1525
4.165
4.1725
4.12
4.125
4.14
4.1475
4.1475
4.125
4.1225
4.13
4.1025
4.0825
4.05
4.0625
4.055
4.0675
4.065
4.06
4.0425
4.0325
3.98
3.9875
3.9675
3.9575
3.96
3.9575
3.9425
3.96
3.97
4.0175
4.02
4.0025
4.025
4.0175
3.99
4.0225
4.055
4.06
4.065
4.0625
4.065
4.0925
4.0625
4.0625
4.07
4.095
4.0775
4.0575
4.0575
4.085
4.06
4.08
4.0775
4.1
4.115
4.135
4.125
4.13
4.1075
4.08
4.0675
4.0725
4.08
4.04
4.0075
4.0275
4.0575
4.0525
4.0775
4.0625
4.0775
4.105
4.1
4.1025
4.0825
4.075
4.0625
4.055
4.0475
4.0275
4.0475
4.07
4.075
4.0675
4.085
4.1125
4.0775
4.075
4.095
4.095
4.11
4.1025
4.135
4.11
4.095
4.0875
4.0775
4.0875
4.12
4.1325
4.1175
4.1125
4.0775
4.0925
4.095
4.1175
4.11
4.08
4.0875
4.1025
4.1225
4.165
4.1075
4.1125
4.0975
4.115
4.1525
4.1275
4.1525
4.16
4.1125
4.1275
4.1125
4.085
4.055
4.035
4.0275
4.045
4.05
4.07
4.0625
4.0375
4.0525
4.0375
4.0425
4.055
4.06
4.0625
4.0475
4.065
4.01
3.975
4.0025
4.0175
4.05
4.06
4.0625
4.0375
4.0425
4.0
4.015
4.0475
4.03
4.0525
4.055
4.0325
4.065
4.05
4.0275
4.0475
4.0475
4.01
3.9925
4.005
3.985
3.96
3.9675
3.995
3.965
3.9925
4.005
3.9725
4.0
4.01
4.02
4.015
4.035
4.0125
4.0225
4.005
3.985
3.9675
3.9225
3.92
3.915
3.9175
3.9275
3.9
3.92
3.9025
3.8775
3.875
3.84
3.855
3.84
3.85
3.8375
3.795
3.7825
3.7875
3.775
3.8175
3.795
3.7825
3.7875
3.7625
3.7775
3.7775
3.775
3.7925
3.81
3.7725
3.795
3.79
3.7825
3.7875
3.7975
3.79
3.8
3.7925
3.7775
3.8
3.7875
3.79
3.8
3.8125
3.825
3.8075
3.77
3.7675
3.8
3.7675
3.775
3.795
3.8075
3.7775
3.75
3.7775
3.815
3.8175
3.8325
3.81
3.7825
3.775
3.755
3.775
3.7575
3.7775
3.785
3.7525
3.73
3.7325
3.7325
3.765
3.7675
3.73
3.7225
3.715
3.69
3.6975
3.7075
3.7275
3.71
3.6875
3.6825
3.6775
3.6775
3.67
3.6825
3.685
3.6525
3.6425
3.6375
3.6475
3.645
3.6025
3.5925
3.5975
3.5725
3.5875
3.585
3.57
3.5825
3.55
3.5575
3.5525
3.5275
3.5525
3.5275
3.535
3.575
3.535
3.565
3.525
3.535
3.5325
3.5225
3.5475
3.5675
3.5725
3.5775
3.555
3.5725
3.5475
3.56
3.575
3.5675
3.5675
3.58
3.6025
3.6075
3.6475
3.6175
3.63
3.5975
3.6025
3.62
3.625
3.5975
3.585
3.57
3.5525
3.525
3.5125
3.5025
3.525
3.5375
3.565
3.53
3.535
3.525
3.515
3.51
3.5025
3.5225
3.5
3.5275
3.5425
3.5825
3.575
3.6
3.6175
3.625
3.63
3.6525
3.665
3.665
3.66
3.6225
3.6325
3.6625
3.66
3.6575
3.6625
3.675
3.695
3.715
3.695
3.675
3.6975
3.695
3.71
3.72
3.7225
3.7575
3.7675
3.7825
3.745
3.7325
3.72
3.74
3.7575
3.765
3.7675
3.7425
3.75
3.7825
3.785
3.755
3.7525
3.7375
3.7675
3.7525
3.73
3.7325
3.7425
3.73
3.7325
3.72
3.7575
3.7475
3.7275
3.73
3.7125
3.7175
3.695
3.6975
3.7075
3.7125
3.715
3.7125
3.6925
3.7125
3.72
3.69
3.68
3.68
3.64
3.6225
3.6325
3.625
3.635
3.5975
3.6025
3.5825
3.5525
3.5325
3.5525
3.565
3.5625
3.545
3.5425
3.56
3.555
3.5425
3.53
3.5475
3.5775
3.585
3.59
3.6075
3.615
3.6
3.6
3.5975
3.5875
3.5825
3.59
3.59
3.615
3.6375
3.6625
3.68
3.705
3.6975
3.685
3.705
3.7025
3.7075
3.7
3.6975
3.6675
3.645
3.6225
3.635
3.635
3.6475
3.6225
3.635
3.6575
3.66
3.665
3.68
3.675
3.645
3.68
3.7275
3.7375
3.7425
3.76
3.775
3.7525
3.7825
3.8
3.815
3.8325
3.8075
3.775
3.785
3.76
3.78
3.78
3.7575
3.765
3.7775
3.8025
3.8125
3.81
3.8175
3.84
3.8525
3.855
3.8575
3.88
3.875
3.85
3.83
3.83
3.84
3.825
3.8325
3.8375
3.8475
3.815
3.83
3.8575
3.835
3.8475
3.8225
3.84
3.8525
3.8775
3.8825
3.8625
3.8075
3.8125
3.765
3.795
3.7825
3.7825
3.79
3.78
3.795
3.82
3.78
3.82
3.83
3.855
3.82
3.8225
3.845
3.8075
3.8075
3.795
3.7725
3.79
3.7675
3.765
3.7325
3.7675
3.75
3.7375
3.7625
3.78
3.8075
3.8325
3.83
3.855
3.8125
3.8425
3.855
3.8125
3.8275
3.85
3.835
3.8625
3.8925
3.915
3.93
3.91
3.9025
3.9125
3.9525
3.97
3.9925
4.0075
4.0175
4.0325
4.0425
4.03
4.0125
4.025
4.0
4.0175
4.0175
4.0325
4.035
4.03
4.0525
4.0625
4.0375
4.055
4.055
4.055
4.09
4.0825
4.105
4.0925
4.12
4.145
4.1325
4.105
4.0975
4.0725
4.0525
4.035
4.07
4.07
4.0725
4.065
4.035
4.0125
4.0375
4.0025
3.9875
4.0025
4.025
4.025
4.03
4.045
4.0475
4.065
4.0275
4.0525
4.05
4.07
4.0475
4.06
4.035
4.0525
4.04
4.0225
4.0025
3.9825
3.9975
4.025
4.0425
4.065
4.035
4.01
4.02
4.02
4.035
4.0025
3.9775
3.9825
4.015
4.035
4.05
4.0775
4.0825
4.0725
4.105
4.1325
4.1125
4.115
4.1325
4.1475
4.13
4.135
4.11
4.0725
4.0575
4.0775
4.1125
4.145
4.1225
4.12
4.125
4.1275
4.09
4.0625
4.065
4.0375
4.0075
3.965
3.945
3.96
3.9475
3.93
3.945
3.95
3.97
3.9825
3.9875
3.9675
4.0025
3.97
3.97
3.9825
3.97
3.9675
3.9375
3.935
3.9325
3.915
3.905
3.8975
3.9025
3.905
3.8975
3.88
3.865
3.9
3.8825
3.865
3.885
3.885
3.8825
3.915
3.915
3.93
3.92
3.9275
3.91
3.895
3.9
3.925
3.935
3.9125
3.875
3.9075
3.8825
3.86
3.8575
3.85
3.855
3.87
3.8575
3.8425
3.8175
3.8425
3.855
3.8725
3.8675
3.8375
3.81
3.8325
3.8175
3.84
3.865
3.8425
3.815
3.8375
3.845
3.8175
3.8425
3.8625
3.8575
3.905
3.915
3.915
3.89
3.8925
3.87
3.88
3.885
3.8875
3.8575
3.85
3.84
3.86
3.86
3.8575
3.8375
3.855
3.8175
3.825
3.8375
3.795
3.775
3.7375
3.725
3.725
3.7525
3.7725
3.7525
3.76
3.78
3.79
3.7975
3.7775
3.735
3.745
3.7325
3.7375
3.75
3.7725
3.7775
3.7725
3.7575
3.8125
3.815
3.7975
3.795
3.805
3.815
3.8375
3.845
3.8475
3.82
3.785
3.8
3.8225
3.8575
3.8825
3.855
3.87
3.8675
3.8825
3.865
3.88
3.8825
3.885
3.92
3.92
3.8875
3.89
3.905
3.8975
3.915
3.9375
3.915
3.92
3.9425
3.935
3.9575
3.9475
3.9575
3.9425
3.9275
3.95
3.95
3.9425
3.915
3.9325
3.9275
3.905
3.9075
3.9025
3.8775
3.8875
3.8675
3.8375
3.825
3.8525
3.85
3.8425
3.8475
3.86
3.8675
3.885
3.8975
3.9125
3.9475
3.93
3.925
3.93
3.9425
3.935
3.9275
3.91
3.925
3.9025
3.895
3.8825
3.8925
3.8825
3.875
3.885
3.92
3.905
3.9075
3.9425
3.9275
3.945
3.9425
3.945
3.95
3.9075
3.91
3.9225
3.925
3.8975
3.885
3.9175
3.91
3.8825
3.855
3.85
3.825
3.8175
3.8175
3.8025
3.8
3.795
3.7925
3.7575
3.77
3.7675
3.78
3.775
3.7775
3.78
3.78
3.8
3.7825
3.7775
3.785
3.78
3.7975
3.7725
3.76
3.775
3.7575
3.755
3.7825
3.785
3.7825
3.735
3.7475
3.7375
3.7475
3.725
3.71
3.7175
3.7225
3.7425
3.7525
3.775
3.79
3.7925
3.8
3.815
3.805
3.8225
3.8575
3.85
3.8525
3.8475
3.86
3.875
3.8675
3.8475
3.8425
3.8275
3.8025
3.77
3.775
3.7575
3.74
3.7475
3.76
3.73
3.705
3.72
3.7475
3.7525
3.72
3.7325
3.76
3.7375
3.7475
3.7725
3.775
3.7775
3.7725
3.7625
3.785
3.76
3.77
3.7875
3.795
3.78
3.795
3.8225
3.84
3.8225
3.845
3.855
3.8725
3.8825
3.86
3.8875
3.8675
3.865
3.8675
3.875
3.8625
3.875
3.8825
3.9
3.91
3.8775
3.8975
3.9175
3.935
3.9375
3.8975
3.8975
3.855
3.8725
3.88
3.8925
3.8975
3.895
3.9325
3.905
3.9075
3.91
3.9375
3.9525
3.9425
3.9575
3.95
3.9325
3.8925
3.895
3.9125
3.87
3.8725
3.8825
3.8875
3.8925
3.905
3.8925
3.895
3.89
3.9025
3.92
3.9225
3.9025
3.9225
3.9525
3.9575
3.975
3.9875
3.985
3.9775
4.005
4.025
4.0475
4.0375
4.065
4.0825
4.1
4.1175
4.0825
4.075
4.0625
4.04
4.005
4.0125
4.0325
4.055
4.075
4.0525
4.09
4.065
4.0475
4.05
4.045
4.045
4.0475
4.0725
4.0625
4.045
4.07
4.06
4.0325
4.065
4.02
4.005
4.01
4.0075
4.03
4.0225
4.0075
4.0025
4.0225
4.03
4.06
4.06
4.0575
4.085
4.0675
4.065
4.0625
4.0625
4.0425
4.07
4.08
4.0925
4.1125
4.155
4.16
4.155
4.185
4.2
4.18
4.1975
4.21
4.2275
4.1825
4.1575
4.14
4.125
4.1275
4.095
4.1025
4.075
4.085
4.07
4.0475
4.0425
4.0125
4.0175
4.0125
4.0275
4.0675
4.0925
4.1125
4.1
4.0775
4.105
4.085
4.05
4.0475
4.0375
4.005
4.0375
4.015
3.995
3.98
3.955
3.9675
3.9925
4.0125
3.9775
3.9925
4.005
3.975
4.0075
3.9825
3.995
4.005
3.9725
3.99
3.97
3.9475
3.9575
3.9525
3.925
3.925
3.925
3.94
3.945
3.9475
3.955
3.9625
3.9775
3.9925
4.0
4.01
4.0075
4.01
4.0225
4.035
4.01
3.995
3.9875
3.98
3.935
3.9325
3.9125
3.9375
3.975
4.005
4.025
4.0525
4.0375
4.0175
3.9975
4.0075
4.0025
4.0075
4.015
3.995
3.9825
3.9575
3.98
4.005
3.9775
3.9525
3.97
3.9725
3.9825
4.015
4.025
4.02
4.0
4.0175
4.0025
4.02
4.04
4.0325
4.045
4.0375
4.0525
4.0325
4.0225
4.02
4.0275
4.005
4.0325
4.03
4.0325
4.045
4.045
4.0625
4.075
4.0675
4.07
4.05
4.0575
4.0425
4.07
4.0725
4.08
4.0475
4.02
4.03
3.995
3.9875
3.985
3.9775
4.0
4.025
4.01
4.03
4.0575
4.06
4.0725
4.0875
4.11
4.15
4.165
4.1975
4.195
4.245
4.2275
4.2475
4.2225
4.205
4.1925
4.21
4.1875
4.1575
4.175
4.185
4.185
4.16
4.16
4.1375
4.1325
4.15
4.1525
4.1325
4.0975
4.065
4.0775
4.08
4.0625
4.0775
4.0625
4.0325
4.03
4.03
4.0325
4.0325
4.06
4.0875
4.06
4.035
4.025
4.0025
4.0
4.0275
4.0475
4.07
4.075
4.05
4.0525
4.07
4.035
4.035
4.0025
3.965
3.9725
3.9675
3.9675
3.9275
3.95
3.95
3.945
3.9475
3.9625
3.925
3.915
3.9
3.915
3.935
3.9125
3.8725
3.8725
3.8375
3.8275
3.845
3.8275
3.84
3.845
3.845
3.87
3.87
3.875
3.8525
3.8775
3.905
3.9325
3.9175
3.9425
3.9325
3.955
3.965
3.98
3.9675
3.9625
3.975
3.975
4.0
4.0125
3.985
3.9975
3.9575
3.965
3.975
3.985
3.99
3.9975
3.96
3.955
3.9125
3.91
3.8825
3.895
3.8825
3.89
3.885
3.8875
3.865
3.87
3.8475
3.86
3.875
3.8825
3.8875
3.9
3.93
3.8975
3.8775
3.8875
3.8575
3.8275
3.845
3.8175
3.815
3.835
3.85
3.835
3.8625
3.8475
3.8575
3.855
3.88
3.885
3.9025
3.8975
3.91
3.8975
3.94
3.9125
3.8875
3.895
3.8825
3.8825
3.8725
3.8875
3.9075
3.89
3.905
3.91
3.9125
3.935
3.9075
3.915
3.91
3.92
3.925
3.9175
3.8975
3.91
3.89
3.9025
3.935
3.9525
3.915
3.89
3.905
3.9325
3.9425
3.95
3.96
3.9375
3.9225
3.915
3.9225
3.9025
3.92
3.925
3.905
3.9175
3.88
3.855
3.865
3.9025
3.8825
3.905
3.9225
3.95
3.9675
3.995
4.025
4.0475
4.055
4.0275
4.04
4.0625
4.0325
4.045
4.0375
4.045
4.045
4.0525
4.04
4.02
4.0325
4.065
4.035
4.05
4.0725
4.04
4.0225
4.055
4.0175
4.0425
4.0425
4.0575
4.0375
4.0575
4.065
4.08
4.0575
4.065
4.085
4.075
4.0625
4.055
4.045
4.05
4.03
4.0325
4.0525
4.07
4.0425
4.0025
4.02
4.0325
4.04
4.0675
4.0825
4.065
4.035
4.03
4.0225
4.0375
4.04
4.055
4.0875
4.0925
4.0875
4.07
4.09
4.075
4.05
4.0025
3.985
3.9825
4.0025
3.995
3.995
3.99
4.0025
4.0225
4.0425
4.055
4.0475
4.015
4.0225
4.01
3.98
3.9925
3.9875
4.0025
3.9675
3.97
3.995
4.0025
4.01
3.985
4.0175
3.9825
4.0025
4.005
4.0325
4.0275
4.035
4.0025
4.025
4.0575
4.0725
4.0625
4.0825
4.095
4.0825
4.07
4.0325
4.0425
4.005
4.01
4.0075
4.0275
4.06
4.04
4.0475
4.0625
4.06
4.0825
4.06
4.04
4.035
4.04
4.07
4.0825
4.1025
4.1225
4.1575
4.1825
4.1725
4.1775
4.1475
4.1625
4.1725
4.1525
4.13
4.1575
4.165
4.16
4.17
4.21
4.245
4.2425
4.2125
4.225
4.2375
4.245
4.26
4.255
4.275
4.2425
4.2675
4.235
4.2225
4.235
4.225
4.245
4.2275
4.2425
4.275
4.2975
4.2825
4.305
4.27
4.2675
4.2825
4.3075
4.3125
4.2975
4.2875
4.2675
4.2775
4.28
4.2675
4.2375
4.235
4.255
4.2225
4.215
4.2175
4.2075
4.17
4.18
4.165
4.1725
4.2225
4.205
4.19
4.15
4.15
4.17
4.155
4.1675
4.18
4.17
4.165
4.1825
4.19
4.1625
4.1425
4.135
4.135
4.16
4.16
4.1575
4.145
4.1625
4.1525
4.1475
4.1575
4.1675
4.15
4.135
4.115
4.12
4.145
4.16
4.1525
4.12
4.135
4.13
4.135
4.13
4.165
4.1325
4.16
4.1475
4.12
4.1275
4.1175
4.105
4.1025
4.11
4.09
4.085
4.1075
4.095
4.0675
4.08
4.125
4.095
4.05
4.03
4.035
4.0125
4.01
4.015
4.0275
4.0525
4.06
4.055
4.0675
4.07
4.09
4.075
4.1075
4.125
4.1025
4.135
4.1225
4.1275
4.16
4.15
4.185
4.1975
4.215
4.25
4.285
4.2925
4.3025
4.29
4.3175
4.3075
4.28
4.245
4.2675
4.27
4.2475
4.26
4.265
4.2525
4.25
4.25
4.2475
4.21
4.225
4.205
4.185
4.1725
4.185
4.1975
4.1925
4.1675
4.175
4.16
4.1825
4.1725
4.16
4.135
4.1475
4.125
4.14
4.125
4.1325
4.125
4.0925
4.0925
4.125
4.1475
4.1475
4.0825
4.065
4.07
4.0825
4.0525
4.045
4.0125
3.98
3.9825
3.985
3.965
3.9425
3.9
3.925
3.9275
3.9325
3.9425
3.95
3.9775
3.975
4.0
4.005
4.0025
4.0325
4.035
4.045
4.035
4.055
4.08
4.0975
4.095
4.1025
4.09
4.11
4.1075
4.08
4.0975
4.0925
4.095
4.075
4.1075
4.1075
4.135
4.1275
4.1125
4.085
4.0775
4.075
4.0475
4.0275
4.005
4.035
4.045
4.0775
4.0675
4.1
4.145
4.1725
4.16
4.175
4.1875
4.2075
4.2
4.1675
4.165
4.1775
4.155
4.1775
4.2125
4.2
4.2
4.1675
4.1675
4.1725
4.18
4.2
4.2225
4.1975
4.23
4.235
4.265
4.25
4.255
4.28
4.2475
4.27
4.27
4.29
4.29
4.3125
4.2975
4.29
4.2675
4.29
4.3125
4.32
4.33
4.3375
4.33
4.3325
4.325
4.32
4.3475
4.3625
4.385
4.4025
4.395
4.3925
4.3775
4.395
4.405
4.385
4.3925
4.41
4.42
4.425
4.405
4.4275
4.41
4.4175
4.4025
4.4025
4.4175
4.43
4.42
4.435
4.3975
4.425
4.4325
4.4025
4.4075
4.445
4.4125
4.4375
4.445
4.45
4.445
4.4225
4.4325
4.4525
4.455
4.4525
4.465
4.4575
4.4825
4.46
4.4575
4.45
4.435
4.43
4.46
4.4675
4.455
4.4725
4.4375
4.4025
4.4375
4.455
4.4625
4.4425
4.48
4.445
4.41
4.3975
4.4225
4.385
4.365
4.3775
4.375
4.345
4.35
4.3625
4.345
4.355
4.3425
4.3275
4.3025
4.3025
4.2725
4.2875
4.31
4.345
4.36
4.335
4.3225
4.2925
4.2775
4.285
4.295
4.33
4.36
4.365
4.3725
4.345
4.35
4.34
4.365
4.385
4.355
4.36
4.355
4.3725
4.3675
4.3725
4.3625
4.365
4.35
4.33
4.335
4.36
4.3375
4.355
4.3375
4.3225
4.325
4.33
4.33
4.29
4.2925
4.25
4.2475
4.245
4.24
4.2525
4.265
4.23
4.2225
4.2525
4.25
4.2275
4.2025
4.215
4.18
4.1775
4.195
4.1775
4.215
4.2275
4.2525
4.22
4.19
4.205
4.215
4.175
4.175
4.2075
4.1775
4.16
4.1475
4.1225
4.1375
4.16
4.18
4.135
4.1025
4.1025
4.0525
4.0725
4.04
4.05
4.0575
4.06
4.0425
4.055
4.0725
4.1125
4.0925
4.095
4.0925
4.1175
4.105
4.1325
4.155
4.1825
4.185
4.165
4.155
4.1475
4.165
4.1675
4.1825
4.155
4.16
4.1475
4.1425
4.1475
4.12
4.12
4.115
4.1125
4.12
4.1325
4.1625
4.155
4.145
4.1475
4.1675
4.155
4.1275
4.1575
4.16
4.18
4.17
4.1725
4.18
4.1775
4.1975
4.205
4.2325
4.235
4.23
4.245
4.26
4.23
4.2525
4.2525
4.2325
4.2175
4.2425
4.2575
4.2475
4.2325
4.24
4.245
4.2725
4.3
4.29
4.2975
4.2725
4.2525
4.2625
4.275
4.3075
4.27
4.28
4.2625
4.235
4.225
4.21
4.225
4.2575
4.2725
4.3
4.3075
4.3025
4.3225
4.305
4.2925
4.2925
4.32
4.285
4.305
4.335
4.36
4.3825
4.38
4.3675
4.3525
4.355
4.355
4.3725
4.35
4.3075
4.2925
4.3
4.31
4.3175
4.3025
4.2925
4.26
4.26
4.27
4.305
4.2875
4.295
4.295
4.2875
4.3225
4.3325
4.3325
4.305
4.2775
4.295
4.265
4.275
4.255
4.2525
4.275
4.2475
4.225
4.22
4.2275
4.235
4.2175
4.22
4.235
4.2075
4.21
4.2075
4.215
4.2325
4.225
4.2275
4.235
4.235
4.255
4.255
4.26
4.26
4.265
4.235
4.235
4.2225
4.245
4.255
4.25
4.2325
4.2575
4.2475
4.2125
4.21
4.2175
4.2025
4.21
4.1725
4.1825
4.1975
4.2275
4.245
4.265
4.28
4.255
4.2925
4.32
4.335
4.3375
4.3525
4.32
4.3575
4.3475
4.35
4.365
4.3925
4.3725
4.345
4.3175
4.305
4.3175
4.3175
4.3225
4.3
4.325
4.325
4.35
4.365
4.365
4.38
4.3875
4.3625
4.37
4.3375
4.33
4.3125
4.2775
4.27
4.285
4.3025
4.335
4.32
4.33
4.3
4.3075
4.3025
4.275
4.255
4.2925
4.32
4.3025
4.2775
4.2925
4.2625
4.265
4.24
4.2125
4.235
4.2475
4.2475
4.205
4.2275
4.195
4.205
4.195
4.195
4.205
4.1925
4.16
4.18
4.1725
4.1775
4.1725
4.1875
4.2025
4.2275
4.195
4.185
4.175
4.1775
4.1825
4.18
4.2
4.2225
4.24
4.2275
4.2625
4.255
4.245
4.27
4.2425
4.25
4.235
4.24
4.2675
4.2725
4.25
4.2325
4.2325
4.2025
4.195
4.1675
4.1425
4.1625
4.1675
4.15
4.115
4.095
4.075
4.1
4.0975
4.0775
4.09
4.12
4.1075
4.1325
4.145
4.1625
4.15
4.135
4.1225
4.1
4.12
4.13
4.1275
4.115
4.135
4.1475
4.14
4.1275
4.1225
4.15
4.145
4.1525
4.1675
4.16
4.18
4.16
4.145
4.1525
4.1325
4.13
4.0975
4.0925
4.0875
4.0975
4.09
4.095
4.085
4.1275
4.1475
4.1625
4.13
4.1325
4.1375
4.1575
4.1575
4.1375
4.1425
4.16
4.1875
4.1975
4.1825
4.1925
4.2175
4.2375
4.2375
4.2225
4.2275
4.23
4.23
4.26
4.2125
4.23
4.25
4.2525
4.2775
4.2575
4.2625
4.2425
4.245
4.23
4.215
4.22
4.22
4.22
4.2475
4.2725
4.25
4.2175
4.1925
4.165
4.145
4.1425
4.16
4.1475
4.1375
4.115
4.0975
4.06
4.0825
4.08
4.0575
4.06
4.08
4.065
4.1
4.0875
4.065
4.0575
4.0125
4.0075
3.99
3.9925
3.9975
4.0025
3.9725
3.9775
3.97
3.9775
3.99
4.0075
4.0325
4.0175
4.05
4.08
4.1075
4.085
4.0875
4.07
4.0925
4.0975
4.1
4.095
4.115
4.13
4.12
4.085
4.1175
4.1125
4.1075
4.12
4.1375
4.105
4.115
4.1175
4.12
4.1225
4.0875
4.1025
4.09
4.11
4.115
4.105
4.095
4.0825
4.075
4.095
4.075
4.06
4.0775
4.0725
4.075
4.0775
4.1025
4.125
4.1025
4.105
4.1025
4.1225
4.0975
4.0825
4.0475
4.055
4.065
4.0575
4.075
4.04
4.025
4.0575
4.045
4.06
4.0725
4.08
4.0775
4.06
4.0875
4.11
4.0775
4.1025
4.1125
4.11
4.11
4.135
4.1325
4.0975
4.0975
4.0725
4.09
4.095
4.09
4.1125
4.1325
4.1475
4.1425
4.1225
4.135
4.1475
4.16
4.1225
4.1275
4.1375
4.14
4.1425
4.1325
4.0975
4.11
4.1225
4.1275
4.0975
4.1075
4.09
4.0825
4.1025
4.1375
4.1375
4.15
4.1725
4.185
4.1525
4.18
4.145
4.135
4.14
4.12
4.135
4.1225
4.1425
4.1375
4.11
4.125
4.1175
4.075
4.095
4.065
4.0425
4.055
4.08
4.0975
4.0625
4.06
4.0275
3.9875
3.9725
3.995
3.985
3.985
3.9725
3.97
3.9725
4.0075
4.015
4.0075
3.9775
3.99
4.005
4.01
3.995
3.98
3.9975
4.01
4.0375
4.0475
4.065
4.065
4.0525
4.075
4.045
4.0325
4.02
4.03
4.015
3.9925
3.9975
4.0075
4.03
4.04
4.035
4.0275
3.9925
4.0075
4.0275
4.0575
4.065
4.055
4.0625
4.0775
4.08
4.065
4.065
4.0775
4.0375
4.03
4.035
4.045
4.0575
4.0575
4.0225
4.0175
4.0
3.99
4.0
4.0225
4.0475
4.0625
4.0375
4.0375
4.04
4.0575
4.0675
4.1025
4.1175
4.135
4.1375
4.1225
4.0875
4.1075
4.1025
4.12
4.115
4.105
4.1275
4.1475
4.1475
4.175
4.19
4.205
4.22
4.2275
4.2175
4.2075
4.23
4.245
4.2175
4.22
4.2325
4.23
4.2275
4.215
4.2475
4.2775
4.295
4.29
4.2925
4.3025
4.3
4.2725
4.285
4.2525
4.2475
4.265
4.2825
4.2875
4.2875
4.285
4.32
4.335
4.35
4.36
4.3825
4.3775
4.36
4.3525
4.35
4.3525
4.3475
4.31
4.325
4.3475
4.3225
4.2925
4.2725
4.285
4.31
4.325
4.2925
4.295
4.3125
4.29
4.2775
4.2725
4.2475
4.2375
4.2175
4.255
4.27
4.255
4.2625
4.2975
4.295
4.3025
4.3175
4.3225
4.325
4.31
4.335
4.355
4.38
4.39
4.3725
4.395
4.37
4.3675
4.34
4.3575
4.37
4.3975
4.4075
4.4175
4.4375
4.435
4.43
4.435
4.405
4.375
4.38
4.395
4.38
4.3575
4.3225
4.2875
4.2525
4.23
4.2175
4.2425
4.245
4.245
4.25
4.2175
4.215
4.1925
4.1975
4.225
4.225
4.23
4.2475
4.2775
4.25
4.1975
4.21
4.2425
4.27
4.2525
4.21
4.1825
4.19
4.1875
4.205
4.17
4.165
4.185
4.2
4.245
4.2525
4.2725
4.235
4.2675
4.2575
4.255
4.24
4.24
4.2475
4.26
4.265
4.29
4.255
4.2375
4.225
4.2275
4.2675
4.2725
4.2625
4.2675
4.28
4.3
4.305
4.305
4.3175
4.2975
4.3
4.2675
4.2775
4.2925
4.2575
4.26
4.285
4.3025
4.3375
4.3025
4.275
4.2525
4.2375
4.2325
4.2225
4.2075
4.185
4.175
4.17
4.1725
4.19
4.175
4.15
4.165
4.185
4.2025
4.1825
4.1925
4.1775
4.18
4.175
4.1425
4.145
4.1525
4.15
4.155
4.15
4.1275
4.1475
4.155
4.1625
4.1675
4.205
4.23
4.24
4.2075
4.215
4.26
4.28
4.2825
4.2875
4.305
4.32
4.335
4.35
4.3525
4.3625
4.36
4.345
4.3125
4.33
4.3325
4.35
4.3625
4.3625
4.37
4.3825
4.37
4.3625
4.365
4.3325
4.325
4.3525
4.3575
4.3725
4.3775
4.3525
4.355
4.36
4.3775
4.39
4.4125
4.4025
4.395
4.3925
4.3725
4.3775
4.395
4.395
4.3725
4.3575
4.3775
4.375
4.37
4.3525
4.335
4.3675
4.35
4.3725
4.3575
4.32
4.32
4.3375
4.3325
4.3375
4.33
4.355
4.3725
4.395
4.385
4.385
4.36
4.345
4.3625
4.385
4.35
4.3075
4.3325
4.3325
4.3725
4.385
4.405
4.425
4.4325
4.3975
4.41
4.425
4.4475
4.4575
4.4425
4.4125
4.39
4.3525
4.3725
4.35
4.3875
4.3775
4.3825
4.38
4.39
4.425
4.415
4.415
4.425
4.4025
4.3975
4.4075
4.3875
4.415
4.4125
4.4
4.3975
4.4125
4.425
4.4425
4.4575
4.4275
4.45
4.45
4.45
4.44
4.405
4.4175
4.395
4.3775
4.3775
4.3825
4.3825
4.3825
4.395
4.425
4.4475
4.4175
4.445
4.47
4.49
4.4925
4.4675
4.43
4.4025
4.4425
4.435
4.465
4.445
4.4325
4.4375
4.4325
4.4075
4.4
4.375
4.34
4.355
4.3675
4.3325
4.34
4.36
4.36
4.3525
4.32
4.3175
4.29
4.3125
4.32
4.33
4.3475
4.32
4.32
4.3375
4.355
4.3625
4.3625
4.3425
4.325
4.3525
4.3575
4.3775
4.3625
4.3575
4.365
4.38
4.3925
4.355
4.32
4.3375
4.3475
4.34
4.35
4.3625
4.345
4.3525
4.3825
4.4
4.3925
4.4025
4.4275
4.4
4.445
4.435
4.4525
4.46
4.465
4.4625
4.4875
4.4975
4.4825
4.5
4.4875
4.4725
4.49
4.48
4.46
4.4775
4.48
4.49
4.515
4.5225
4.545
4.525
4.5025
4.485
4.4975
4.52
4.4825
4.46
4.435
4.4
4.42
4.375
4.365
4.37
4.345
4.34
4.3175
4.2725
4.2925
4.3075
4.3175
4.3325
4.275
4.2925
4.3025
4.3175
4.31
4.3275
4.31
4.29
4.27
4.29
4.3275
4.2925
4.275
4.2525
4.255
4.2825
4.275
4.2525
4.28
4.26
4.2975
4.325
4.2875
4.2775
4.26
4.2725
4.3
4.2825
4.2825
4.3025
4.28
4.285
4.29
4.3175
4.335
4.3525
4.36
4.335
4.3675
4.37
4.3775
4.365
4.3625
4.335
4.355
4.365
4.3325
4.3425
4.335
4.34
4.35
4.325
4.3
4.305
4.3175
4.305
4.325
4.29
4.265
4.28
4.295
4.28
4.27
4.29
4.2875
4.25
4.2525
4.2375
4.255
4.225
4.2225
4.2075
4.21
4.19
4.1625
4.1625
4.1575
4.13
4.155
4.1575
4.1725
4.1925
4.1825
4.195
4.2
4.22
4.19
4.205
4.195
4.1775
4.19
4.2
4.215
4.2075
4.2025
4.2025
4.2225
4.2
4.16
4.16
4.1625
4.1475
4.155
4.1475
4.15
4.1675
4.17
4.1525
4.145
4.1125
4.1125
4.1475
4.13
4.1475
4.1375
4.135
4.1125
4.125
4.135
4.1775
4.135
4.1175
4.145
4.1575
4.165
4.14
4.135
4.13
4.1525
4.1375
4.155
4.1825
4.17
4.175
4.1375
4.15
4.1375
4.135
4.1225
4.1075
4.1275
4.15
4.1625
4.1825
4.21
4.22
4.205
4.175
4.18
4.2175
4.2375
4.26
4.2475
4.2675
4.29
4.27
4.2675
4.2575
4.25
4.26
4.25
4.245
4.2825
4.27
4.2775
4.285
4.29
4.3175
4.3225
4.3175
4.3375
4.3225
4.3025
4.32
4.335
4.3275
4.3225
4.33
4.28
4.2925
4.2925
4.3025
4.3425
4.3325
4.2925
4.295
4.2925
4.3275
4.35
4.3475
4.3625
4.35
4.315
4.315
4.3175
4.3175
4.345
4.3625
4.3925
4.39
4.4
4.3625
4.3675
4.3625
4.3425
4.34
4.3525
4.3625
4.39
4.405
4.4125
4.405
4.4275
4.4475
4.4675
4.46
4.435
4.415
4.405
4.37
4.35
4.3225
4.3325
4.36
4.385
4.4125
4.4075
4.365
4.365
4.3875
4.41
4.405
4.395
4.41
4.3975
4.38
4.3725
4.39
4.41
4.4025
4.415
4.415
4.4125
4.385
4.4075
4.3725
4.37
4.41
4.3925
4.4075
4.425
4.455
4.43
4.445
4.44
4.4325
4.415
4.3875
4.405
4.385
4.3625
4.35
4.3325
4.325
4.3075
4.31
4.3075
4.29
4.32
4.32
4.305
4.3325
4.34
4.35
4.35
4.38
4.385
4.395
4.415
4.39
4.395
4.3675
4.395
4.3775
4.3575
4.33
4.3325
4.315
4.3225
4.295
4.295
4.305
4.2875
4.305
4.345
4.315
4.3375
4.31
4.3325
4.315
4.3175
4.315
4.3525
4.3525
4.355
4.365
4.37
4.3425
4.3375
4.3225
4.315
4.32
4.3425
4.3425
4.3375
4.3275
4.36
4.4025
4.41
4.41
4.4375
4.42
4.39
4.38
4.3725
4.36
4.3775
4.3725
4.38
4.3825
4.4075
4.385
4.3975
4.405
4.375
4.345
4.36
4.345
4.3475
4.34
4.3425
4.355
4.395
4.39
4.4025
4.3825
4.395
4.4025
4.4
4.4
4.385
4.3725
4.3575
4.345
4.345
4.3075
4.3175
4.3175
4.3275
4.33
4.345
4.3675
4.3375
4.305
4.2725
4.2775
4.2375
4.255
4.2225
4.245
4.2625
4.2875
4.285
4.2925
4.31
4.3
4.295
4.3
4.2725
4.275
4.3
4.275
4.285
4.2725
4.245
4.275
4.2975
4.31
4.325
4.325
4.3025
4.3225
4.3325
4.34
4.32
4.3125
4.305
4.32
4.325
4.3
4.2725
4.26
4.2725
4.2925
4.3275
4.3425
4.3425
4.3575
4.3325
4.3375
4.3225
4.2975
4.33
4.345
4.345
4.3475
4.3475
4.37
4.355
4.365
4.3825
4.395
4.3825
4.355
4.36
4.375
4.3375
4.35
4.35
4.33
4.33
4.345
4.3475
4.335
4.37
4.3725
4.395
4.37
4.3775
4.395
4.3875
4.41
4.42
4.41
4.45
4.4575
4.435
4.4575
4.43
4.3975
4.385
4.3625
4.34
4.3625
4.3675
4.34
4.3575
4.3525
4.34
4.365
4.3425
4.3575
4.36
4.34
4.315
4.3075
4.31
4.3125
4.3225
4.2975
4.3
4.3125
4.29
4.2925
4.31
4.3225
4.3275
4.3075
4.31
4.32
4.3275
4.32
4.32
4.345
4.3675
4.3675
4.34
4.3275
4.325
4.355
4.3925
4.3975
4.37
4.3475
4.3725
4.35
4.39
4.405
4.4075
4.435
4.435
4.4525
4.415
4.3825
4.3975
4.415
4.4175
4.425
4.4425
4.455
4.445
4.4275
4.4075
4.42
4.435
4.4325
4.4325
4.4275
4.43
4.455
4.4875
4.515
4.525
4.5325
4.5225
4.525
4.4975
4.48
4.485
4.505
4.5
4.49
4.515
4.5325
4.535
4.5025
4.51
4.5075
4.525
4.55
4.515
4.5225
4.555
4.54
4.5175
4.535
4.55
4.525
4.5475
4.52
4.5175
4.5075
4.525
4.5425
4.4975
4.515
4.52
4.51
4.475
4.44
4.4475
4.4375
4.4375
4.4425
4.4575
4.455
4.4625
4.48
4.4475
4.4525
4.4825
4.5025
4.5325
4.57
4.58
4.59
4.595
4.56
4.5625
4.565
4.55
4.5225
4.53
4.55
4.5875
4.6025
4.63
4.655
4.6675
4.695
4.6975
4.6775
4.655
4.63
4.62
4.6075
4.5675
4.545
4.5325
4.515
4.485
4.455
4.4275
4.4225
4.4
4.3725
4.3975
4.4325
4.405
4.3975
4.3625
4.3525
4.3725
4.375
4.355
4.3425
4.3675
4.3225
4.315
4.285
4.29
4.275
4.2875
4.31
4.315
4.29
4.31
4.3325
4.3425
4.3325
4.3625
4.3625
4.3375
4.34
4.32
4.3375
4.3675
4.395
4.3675
4.385
4.3875
4.4
4.425
4.4
4.38
4.38
4.3975
4.4
4.4075
4.4275
4.385
4.385
4.3575
4.3375
4.37
4.3825
4.3825
4.405
4.3875
4.37
4.36
4.35
4.315
4.3075
4.29
4.265
4.2375
4.23
4.2225
4.2375
4.21
4.2175
4.215
4.2325
4.2225
4.2375
4.2575
4.235
4.2125
4.2125
4.2075
4.21
4.215
4.195
4.1825
4.17
4.1875
4.2
4.2
4.205
4.1675
4.175
4.1825
4.21
4.1825
4.1825
4.1675
4.17
4.1825
4.18
4.1875
4.1875
4.15
4.14
4.1425
4.1675
4.1825
4.1825
4.1925
4.2175
4.24
4.225
4.22
4.21
4.23
4.2325
4.2225
4.1875
4.2
4.175
4.16
4.18
4.195
4.2225
4.22
4.2425
4.245
4.23
4.2425
4.215
4.22
4.24
4.245
4.2525
4.29
4.255
4.2575
4.26
4.2675
4.28
4.2775
4.2925
4.285
4.2725
4.2725
4.265
4.29
4.3025
4.315
4.33
4.3
4.31
4.33
4.315
4.305
4.2825
4.28
4.2975
4.28
4.2775
4.285
4.28
4.255
4.2875
4.285
4.2925
4.3075
4.275
4.285
4.275
4.2625
4.2175
4.2
4.1975
4.1925
4.1825
4.2025
4.2225
4.245
4.2475
4.285
4.275
4.28
4.27
4.285
4.27
4.2675
4.2775
4.305
4.3275
4.315
4.32
4.2975
4.285
4.2825
4.2925
4.2925
4.3125
4.295
4.2975
4.28
4.2475
4.2275
4.1925
4.1625
4.1825
4.215
4.2275
4.23
4.2175
4.1975
4.18
4.1975
4.205
4.1725
4.125
4.1225
4.1225
4.095
4.0775
4.0925
4.0675
4.07
4.0675
4.1075
4.1
4.1125
4.105
4.08
4.065
4.0775
4.1025
4.065
4.0325
4.035
4.065
4.06
4.0675
4.09
4.11
4.075
4.1025
4.075
4.075
4.085
4.09
4.1025
4.1225
4.11
4.0825
4.085
4.035
4.0275
4.025
4.05
4.0675
4.06
4.0425
4.0175
4.0125
4.0025
4.01
3.9875
3.9875
3.935
3.94
3.9475
3.97
3.995
4.02
4.0125
4.0425
4.07
4.03
4.0425
4.055
4.0825
4.0925
4.1
4.105
4.12
4.0975
4.0675
4.0775
4.075
4.0775
4.09
4.095
4.085
4.1175
4.1325
4.15
4.1475
4.1675
4.18
4.165
4.175
4.2075
4.23
4.2625
4.2475
4.2475
4.26
4.2475
4.2175
4.215
4.21
4.215
4.245
4.245
4.25
4.255
4.2775
4.2775
4.3075
4.285
4.2625
4.275
4.26
4.26
4.2625
4.25
4.2475
4.245
4.275
4.28
4.275
4.3
4.2525
4.2875
4.32
4.33
4.335
4.3625
4.3075
4.295
4.285
4.3
4.3325
4.355
4.3675
4.3825
4.4075
4.3775
4.3425
4.3375
4.3225
4.345
4.3625
4.3525
4.3425
4.3275
4.345
4.34
4.2875
4.255
4.2425
4.2675
4.2575
4.2275
4.195
4.2125
4.1875
4.2275
4.2375
4.2625
4.235
4.255
4.2775
4.2775
4.2425
4.2075
4.2175
4.1825
4.185
4.14
4.1075
4.1275
4.15
4.17
4.1975
4.1875
4.1925
4.2075
4.185
4.2125
4.22
4.215
4.1775
4.185
4.145
4.125
4.1025
4.085
4.1175
4.11
4.1175
4.15
4.14
4.16
4.1675
4.1875
4.2175
4.2075
4.1925
4.2075
4.205
4.1775
4.1875
4.1775
4.185
4.19
4.185
4.2025
4.1975
4.1925
4.19
4.1625
4.1825
4.1725
4.165
4.17
4.165
4.16
4.1625
4.185
4.2025
4.195
4.1875
4.1975
4.215
4.1725
4.1975
4.2125
4.19
4.145
4.1425
4.1175
4.1025
4.075
4.0725
4.105
4.1325
4.1375
4.1375
4.1125
4.0825
4.0725
4.05
4.06
4.08
4.12
4.1325
4.1175
4.1475
4.1475
4.135
4.0925
4.0875
4.1225
4.1125
4.1525
4.175
4.1975
4.2225
4.185
4.1675
4.155
4.155
4.17
4.1775
4.175
4.2125
4.2275
4.2225
4.21
4.1925
4.1975
4.2075
4.2025
4.1625
4.145
4.17
4.19
4.2
4.22
4.23
4.2325
4.2225
4.2175
4.2425
4.2175
4.2125
4.2125
4.24
4.245
4.225
4.245
4.275
4.265
4.2325
4.2475
4.2425
4.245
4.25
4.28
4.2575
4.2275
4.2125
4.205
4.2575
4.2925
4.2775
4.2575
4.2375
4.235
4.2175
4.1825
4.155
4.1575
4.1875
4.2
4.1925
4.205
4.1925
4.1975
4.18
4.155
4.16
4.1875
4.14
4.135
4.12
4.12
4.095
4.1125
4.1175
4.1275
4.15
4.155
4.175
4.1975
4.19
4.1525
4.175
4.1975
4.19
4.2
4.21
4.2125
4.21
4.18
4.155
4.1825
4.1625
4.13
4.1075
4.06
4.035
4.04
4.0025
3.97
4.0075
4.015
4.0175
4.05
4.01
4.0025
4.0325
4.015
4.035
4.035
4.035
4.0125
4.0025
3.995
3.9775
3.99
3.97
3.9575
3.9675
3.9425
3.9625
3.9425
3.95
3.9575
3.9475
3.935
3.925
3.9325
3.95
3.95
3.975
3.9425
3.96
3.9825
3.99
3.9875
3.96
3.985
3.9975
4.0075
4.0375
4.035
4.06
4.03
4.015
4.02
4.0675
4.075
4.085
4.1075
4.105
4.095
4.11
4.085
4.09
4.075
4.085
4.0825
4.0975
4.1075
4.14
4.14
4.17
4.145
4.1125
4.1075
4.105
4.115
4.12
4.11
4.1225
4.12
4.1275
4.145
4.16
4.1575
4.1525
4.1675
4.1325
4.1575
4.165
4.1375
4.15
4.13
4.1425
4.15
4.1475
4.175
4.1975
4.21
4.22
4.1925
4.2275
4.205
4.23
4.23
4.225
4.2325
4.21
4.2
4.175
4.155
4.1825
4.1875
4.1625
4.14
4.1375
4.105
4.115
4.0875
4.0925
4.09
4.1175
4.08
4.09
4.0625
4.05
4.05
4.0675
4.075
4.0725
4.0525
4.0875
4.09
4.1075
4.0825
4.0875
4.0525
4.0575
4.0525
4.055
4.0675
4.0675
4.075
4.08
4.0675
4.08
4.0575
4.0325
4.035
4.0425
4.06
4.0775
4.1225
4.14
4.15
4.16
4.175
4.2075
4.2075
4.2
4.2225
4.2375
4.26
4.26
4.26
4.23
4.225
4.2
4.19
4.19
4.1925
4.18
4.1875
4.19
4.19
4.195
4.195
4.1725
4.155
4.1375
4.145
4.17
4.16
4.1675
4.17
4.1975
4.1775
4.18
4.2075
4.205
4.1925
4.1675
4.18
4.1775
4.1525
4.17
4.1475
4.165
4.1525
4.1925
4.2175
4.2275
4.2375
4.235
4.255
4.265
4.2625
4.275
4.255
4.235
4.26
4.26
4.255
4.2425
4.245
4.2575
4.265
4.24
4.2525
4.2525
4.265
4.2475
4.2475
4.255
4.295
4.305
4.2675
4.2425
4.2125
4.1875
4.18
4.205
4.2375
4.235
4.2225
4.24
4.2475
4.2725
4.2975
4.3175
4.325
4.31
4.2775
4.305
4.31
4.325
4.3425
4.3525
4.3425
4.315
4.32
4.29
4.2725
4.2475
4.2125
4.215
4.1925
4.1975
4.2125
4.2325
4.215
4.2275
4.24
4.245
4.245
4.2475
4.26
4.25
4.2625
4.2875
4.2625
4.2775
4.295
4.3125
4.275
4.31
4.285
4.255
4.2825
4.2575
4.28
4.2575
4.25
4.2125
4.205
4.225
4.205
4.2025
4.22
4.245
4.2825
4.2975
4.3175
4.3075
4.3175
4.3075
4.31
4.33
4.31
4.285
4.2725
4.3025
4.2875
4.26
4.26
4.255
4.265
4.2975
4.3275
4.2975
4.3125
4.31
4.2925
4.3125
4.3125
4.335
4.3475
4.3325
4.3125
4.3125
4.3075
4.3
4.34
4.345
4.3525
4.3325
4.32
4.3275
4.3475
4.315
4.2875
4.3025
4.33
4.32
4.2675
4.265
4.2675
4.2725
4.2675
4.2825
4.2725
4.2725
4.275
4.2625
4.25
4.215
4.21
4.2125
4.235
4.1975
4.2075
4.1975
4.18
4.1725
4.215
4.22
4.215
4.2325
4.2375
4.2425
4.24
4.235
4.235
4.2075
4.2125
4.2225
4.2
4.195
4.2275
4.1925
4.195
4.1625
4.155
4.175
4.1625
4.1575
4.1375
4.14
4.1425
4.155
4.1225
4.14
4.135
4.145
4.1325
4.1275
4.0875
4.105
4.075
4.09
4.1125
4.1125
4.14
4.1325
4.1225
4.1175
4.0975
4.0825
4.08
4.0525
4.045
4.01
4.0275
4.03
4.03
4.0575
4.0375
4.045
4.055
4.0775
4.0575
4.0275
4.0325
4.035
4.04
4.0625
4.0825
4.0925
4.0775
4.08
4.045
4.025
4.0
4.025
4.0175
3.99
3.97
3.975
3.975
3.9725
3.975
3.985
3.9725
3.97
3.94
3.9375
3.9675
3.9625
3.9275
3.9075
3.905
3.87
3.89
3.87
3.8675
3.87
3.8975
3.8725
3.8975
3.88
3.9025
3.895
3.9125
3.9175
3.9425
3.9775
4.0125
3.995
4.0075
4.0375
4.0375
4.015
4.0425
4.04
4.0475
4.07
4.09
4.0775
4.115
4.1175
4.13
4.1
4.1375
4.1525
4.175
4.195
4.2025
4.1925
4.2125
4.2175
4.23
4.215
4.185
4.1625
4.19
4.1875
4.1875
4.1775
4.1975
4.18
4.1575
4.16
4.1625
4.15
4.15
4.1575
4.1675
4.1825
4.1625
4.1325
4.1325
4.095
4.125
4.115
4.13
4.14
4.1325
4.1325
4.1275
4.1225
4.12
4.1225
4.12
4.135
4.155
4.1325
4.14
4.1325
4.1375
4.14
4.145
4.1675
4.185
4.205
4.185
4.2
4.2125
4.22
4.225
4.22
4.195
4.18
4.18
4.1925
4.19
4.1975
4.215
4.1875
4.1925
4.2275
4.2
4.185
4.18
4.155
4.125
4.1325
4.1375
4.14
4.14
4.12
4.1225
4.1
4.1375
4.1275
4.1575
4.165
4.165
4.165
4.1625
4.165
4.1825
4.1725
4.1675
4.15
4.1475
4.16
4.1525
4.1725
4.1625
4.125
4.1225
4.11
4.1525
4.13
4.14
4.1275
4.14
4.1275
4.1475
4.1325
4.1125
4.1175
4.095
4.1325
4.1375
4.135
4.145
4.1625
4.17
4.19
4.2125
4.24
4.2125
4.2075
4.2075
4.2075
4.21
4.185
4.1975
4.2375
4.1975
4.2225
4.1875
4.195
4.21
4.2225
4.2425
4.2425
4.2225
4.2275
4.245
4.22
4.2325
4.2375
4.28
4.265
4.275
4.255
4.2425
4.2575
4.275
4.29
4.295
4.3275
4.3525
4.335
4.35
4.3675
4.365
4.35
4.335
4.3525
4.3875
4.36
4.3775
4.3725
4.365
4.365
4.34
4.355
4.3575
4.38
4.3925
4.3775
4.3975
4.4125
4.3875
4.3525
4.325
4.3225
4.3475
4.34
4.315
4.36
4.3725
4.3825
4.4125
4.395
4.395
4.395
4.425
4.4425
4.4075
4.4025
4.3725
4.3475
4.35
4.365
4.385
4.3925
4.3775
4.3975
4.3975
4.375
4.3975
4.4075
4.4125
4.4375
4.435
4.4525
4.4725
4.4875
4.4875
4.4575
4.445
4.46
4.435
4.4375
4.4125
4.4375
4.425
4.4075
4.425
4.4375
4.3975
4.39
4.385
4.365
4.34
4.3025
4.305
4.3
4.3275
4.3425
4.36
4.3775
4.385
4.39
4.3875
4.37
4.3675
4.39
4.3925
4.3925
4.3675
4.3875
4.4
4.4
4.3875
4.3975
4.42
4.445
4.425
4.41
4.43
4.46
4.4225
4.4375
4.4025
4.36
4.4075
4.4175
4.41
4.4375
4.4425
4.45
4.4175
4.42
4.39
4.3625
4.385
4.39
4.3725
4.3975
4.375
4.3925
4.3725
4.355
4.3375
4.305
4.2925
4.28
4.3075
4.295
4.3125
4.3125
4.3375
4.3525
4.3775
4.3925
4.365
4.4025
4.4075
4.4
4.4
4.4125
4.43
4.41
4.375
4.3925
4.4
4.42
4.41
4.4375
4.4575
4.48
4.445
4.4475
4.4075
4.4225
4.4325
4.425
4.3925
4.385
4.365
4.39
4.385
4.4075
4.415
4.42
4.44
4.44
4.435
4.42
4.435
4.4525
4.48
4.485
4.4725
4.4775
4.445
4.48
4.49
4.5025
4.4875
4.4975
4.5175
4.525
4.5425
4.5275
4.525
4.5175
4.5325
4.55
4.5775
4.6
4.595
4.6175
4.62
4.595
4.5775
4.5825
4.565
4.5875
4.5875
4.5725
4.535
4.525
4.515
4.545
4.53
4.5075
4.53
4.5575
4.585
4.57
4.545
4.575
4.5325
4.53
4.5425
4.5125
4.5175
4.4825
4.455
4.4375
4.4375
4.4325
4.4325
4.4125
4.44
4.4775
4.4775
4.485
4.515
4.4925
4.52
4.54
4.5625
4.55
4.575
4.5675
4.5925
4.595
4.6
4.62
4.6
4.6075
4.6025
4.605
4.635
4.58
4.5975
4.6325
4.6525
4.6675
4.6675
4.64
4.625
4.645
4.6325
4.6375
4.61
4.5875
4.57
4.5375
4.5425
4.55
4.5525
4.54
4.53
4.55
4.5675
4.5625
4.565
4.5625
4.5375
4.54
4.5275
4.4925
4.475
4.4525
4.4575
4.4725
4.47
4.4475
4.4225
4.445
4.415
4.41
4.4025
4.3875
4.3875
4.39
4.4
4.41
4.4175
4.445
4.4375
4.45
4.4425
4.4525
4.4725
4.44
4.4175
4.395
4.415
4.385
4.395
4.4325
4.405
4.4025
4.41
4.38
4.3375
4.3275
4.3425
4.315
4.305
4.29
4.2975
4.3075
4.28
4.2825
4.3175
4.3075
4.2925
4.32
4.3125
4.3325
4.315
4.305
4.2875
4.3075
4.3225
4.3325
4.3525
4.3775
4.345
4.345
4.3375
4.355
4.35
4.325
4.3225
4.3175
4.34
4.355
4.3225
4.2925
4.31
4.3125
4.315
4.2825
4.3175
4.365
4.38
4.395
4.3875
4.4125
4.385
4.4075
4.3825
4.3875
4.36
4.3275
4.3475
4.3525
4.3075
4.29
4.2875
4.2725
4.2675
4.2675
4.265
4.24
4.2525
4.26
4.265
4.28
4.2575
4.25
4.23
4.24
4.235
4.25
4.2275
4.21
4.2225
4.245
4.255
4.2175
4.24
4.2375
4.24
4.2525
4.2625
4.2775
4.2825
4.285
4.285
4.3025
4.2975
4.3225
4.3075
4.3175
4.33
4.3125
4.2775
4.2925
4.31
4.295
4.3175
4.2725
4.265
4.2425
4.2575
4.25
4.22
4.2075
4.23
4.205
4.2075
4.2025
4.19
4.21
4.245
4.2575
4.245
4.2475
4.2625
4.2775
4.315
4.3075
4.2625
4.2675
4.225
4.205
4.2275
4.2325
4.255
4.2625
4.255
4.23
4.1975
4.1575
4.13
4.14
4.13
4.1275
4.15
4.13
4.1325
4.11
4.1125
4.085
4.0575
4.055
4.0675
4.0875
4.0875
4.065
4.0925
4.0825
4.0775
4.0675
4.045
4.075
4.09
4.08
4.075
4.0975
4.0825
4.095
4.105
4.085
4.11
4.0975
4.085
4.085
4.0925
4.115
4.135
4.1425
4.1525
4.15
4.135
4.13
4.15
4.1575
4.1775
4.1725
4.1775
4.18
4.1825
4.1625
4.15
4.1725
4.145
4.135
4.1175
4.1225
4.1325
4.11
4.11
4.1
4.1175
4.1225
4.125
4.1375
4.175
4.18
4.17
4.18
4.1675
4.1925
4.2175
4.2125
4.2125
4.185
4.175
4.1525
4.145
4.175
4.1975
4.175
4.2075
4.2125
4.2325
4.2525
4.245
4.2475
4.2475
4.2075
4.215
4.2
4.1825
4.1625
4.1875
4.1975
4.17
4.175
4.1875
4.19
4.1625
4.18
4.2
4.19
4.165
4.165
4.1775
4.185
4.1675
4.155
4.175
4.175
4.1675
4.135
4.14
4.1025
4.08
4.0475
4.06
4.045
4.0575
4.05
4.0475
4.0525
4.085
4.0875
4.08
4.065
4.0225
3.995
4.0
4.0025
4.02
4.0325
4.005
4.01
4.0075
4.0125
4.025
4.0175
4.0425
4.0475
4.03
4.0025
4.0175
4.005
4.005
3.995
4.0175
4.0675
4.08
4.0375
4.0225
4.065
4.1
4.105
4.12
4.1575
4.145
4.1375
4.1475
4.16
4.155
4.155
4.1375
4.155
4.1725
4.14
4.16
4.19
4.15
4.15
4.1575
4.16
4.1625
4.15
4.1475
4.145
4.13
4.1475
4.16
4.17
4.1275
4.13
4.15
4.125
4.125
4.125
4.145
4.1425
4.1675
4.155
4.1525
4.14
4.0975
4.09
4.06
4.0375
4.0375
4.0325
4.0375
4.0125
4.03
4.0525
4.0375
4.05
4.03
4.0125
4.0075
4.025
4.0025
4.0075
3.995
4.0125
4.04
4.0075
4.025
4.05
4.035
4.025
4.0475
4.0625
4.0475
4.0625
4.0725
4.0675
4.0725
4.055
4.0425
4.06
4.0125
3.9975
3.9825
3.9625
3.975
3.97
3.97
3.98
4.01
4.0075
3.9675
3.9825
3.9575
3.93
3.9275
3.905
3.925
3.91
3.935
3.935
3.955
3.955
3.92
3.935
3.9175
3.94
3.945
3.9575
3.9675
3.955
3.965
3.935
3.94
3.94
3.94
3.93
3.9525
3.955
3.975
3.9975
3.9675
3.9675
3.99
4.0175
3.9875
3.985
3.99
3.995
4.015
4.01
4.025
4.055
4.0725
4.0525
4.065
4.05
4.055
4.055
4.055
4.0725
4.0625
4.0675
4.0325
4.0075
4.0225
4.0125
4.0275
4.0375
4.0175
4.02
4.015
4.0275
4.055
4.0575
4.0675
4.0775
4.055
4.055
4.05
4.0825
4.065
4.04
4.0425
4.015
4.02
4.035
4.08
4.0875
4.11
4.1
4.1225
4.1375
4.165
4.19
4.19
4.165
4.195
4.2075
4.225
4.2425
4.2475
4.2525
4.2575
4.24
4.255
4.27
4.245
4.26
4.25
4.2725
4.2425
4.2525
4.24
4.2425
4.2625
4.2725
4.2725
4.275
4.2825
4.315
4.305
4.285
4.305
4.3
4.2925
4.2925
4.305
4.3175
4.34
4.405
4.4225
4.3925
4.3675
4.3925
4.395
4.41
4.4075
4.405
4.38
4.38
4.385
4.3925
4.37
4.39
4.3675
4.3975
4.42
4.3975
4.38
4.38
4.3625
4.3625
4.345
4.345
4.3325
4.315
4.3275
4.3175
4.3275
4.3375
4.325
4.3375
4.3375
4.3525
4.3175
4.3425
4.3525
4.36
4.37
4.355
4.3525
4.37
4.3825
4.3575
4.3525
4.3575
4.3775
4.375
4.37
4.39
4.41
4.4275
4.3975
4.4025
4.42
4.4
4.42
4.45
4.4575
4.4475
4.4625
4.475
4.49
4.475
4.46
4.445
4.4575
4.4375
4.45
4.44
4.405
4.3825
4.3525
4.3575
4.36
4.36
4.3575
4.3475
4.3775
4.355
4.385
4.365
4.3325
4.3325
4.335
4.335
4.345
4.3275
4.34
4.3225
4.32
4.3475
4.3025
4.3
4.2625
4.255
4.2575
4.2675
4.2825
4.2475
4.25
4.2775
4.2975
4.315
4.3325
4.33
4.3425
4.3475
4.3675
4.3425
4.35
4.37
4.385
4.3525
4.355
4.3775
4.38
4.4075
4.38
4.3525
4.375
4.3875
4.37
4.355
4.355
4.3675
4.345
4.315
4.2725
4.2925
4.3125
4.3275
4.3
4.32
4.3425
4.3125
4.3475
4.3225
4.3075
4.285
4.25
4.2525
4.24
4.2425
4.2225
4.23
4.24
4.2575
4.2825
4.2825
4.3025
4.31
4.3275
4.365
4.4025
4.3725
4.3875
4.3925
4.4125
4.425
4.42
4.4025
4.3975
4.395
4.41
4.4125
4.4375
4.41
4.44
4.3975
4.45
4.4175
4.385
4.375
4.3425
4.33
4.3675
4.38
4.345
4.3375
4.3075
4.29
4.3225
4.32
4.31
4.3
4.305
4.2825
4.29
4.2625
4.2675
4.2875
4.2675
4.27
4.3
4.3025
4.29
4.3025
4.29
4.3075
4.3075
4.31
4.28
4.2825
4.285
4.31
4.315
4.335
4.3125
4.325
4.345
4.3875
4.4125
4.44
4.4225
4.4275
4.41
4.4025
4.3925
4.3925
4.3625
4.3725
4.37
4.3575
4.3775
4.35
4.3875
4.335
4.31
4.3275
4.33
4.295
4.32
4.34
4.315
4.2825
4.2725
4.3
4.3125
4.3075
4.3125
4.3225
4.34
4.3325
4.3075
4.2725
4.2875
4.3
4.3175
4.295
4.27
4.2925
4.2875
4.265
4.2625
4.23
4.2125
4.215
4.2225
4.1925
4.2125
4.2325
4.225
4.225
4.2325
4.2125
4.2225
4.2475
4.2675
4.295
4.2975
4.315
4.34
4.3175
4.3275
4.355
4.3425
4.3725
4.355
4.355
4.3875
4.365
4.3725
4.3675
4.345
4.35
4.3675
4.385
4.4025
4.3775
4.395
4.385
4.37
4.385
4.41
4.4225
4.455
4.48
4.4625
4.48
4.475
4.4525
4.4625
4.4675
4.4425
4.41
4.4275
4.41
4.3975
4.415
4.3725
4.39
4.4
4.3925
4.3975
4.3925
4.415
4.3825
4.4075
4.42
4.435
4.445
4.41
4.4075
4.43
4.43
4.4675
4.48
4.44
4.45
4.45
4.445
4.4175
4.4025
4.3825
4.3825
4.3575
4.315
4.2675
4.255
4.24
4.2475
4.23
4.1975
4.165
4.1625
4.1725
4.1425
4.14
4.1625
4.1625
4.145
4.165
4.1675
4.17
4.19
4.155
4.1325
4.1425
4.14
4.145
4.13
4.1025
4.095
4.0725
4.0825
4.0875
4.0575
4.065
4.085
4.0675
4.0875
4.07
4.07
4.075
4.0875
4.1025
4.095
4.07
4.07
4.075
4.095
4.115
4.12
4.13
4.1625
4.1775
4.18
4.1575
4.1475
4.12
4.1175
4.15
4.11
4.0975
4.1125
4.11
4.14
4.1325
4.165
4.1925
4.1625
4.145
4.1375
4.1175
4.125
4.1025
4.115
4.0925
4.09
4.1175
4.0825
4.05
4.0625
4.0925
4.11
4.1225
4.105
4.09
4.1075
4.12
4.09
4.1125
4.12
4.1225
4.115
4.135
4.125
4.1375
4.14
4.1425
4.155
4.185
4.1875
4.16
4.1475
4.1125
4.12
4.1
4.125
4.1175
4.115
4.1325
4.15
4.155
4.18
4.165
4.19
4.1925
4.195
4.2
4.1825
4.205
4.2175
4.2325
4.2675
4.275
4.27
4.255
4.28
4.2575
4.2625
4.2425
4.2575
4.2625
4.2525
4.225
4.2075
4.21
4.1875
4.205
4.18
4.2025
4.225
4.23
4.2575
4.275
4.2725
4.265
4.255
4.2375
4.2225
4.2525
4.2775
4.2875
4.3025
4.3275
4.335
4.3725
4.36
4.3875
4.42
4.44
4.43
4.45
4.4725
4.4925
4.5075
4.53
4.5275
4.52
4.51
4.535
4.5475
4.5625
4.5475
4.525
4.545
4.5375
4.55
4.5575
4.59
4.6
4.6125
4.63
4.5975
4.6
4.5975
4.6075
4.57
4.575
4.5525
4.5825
4.5975
4.605
4.58
4.57
4.525
4.5325
4.5125
4.515
4.52
4.49
4.4625
4.4375
4.42
4.4075
4.375
4.3975
4.4075
4.41
4.395
4.3675
4.3425
4.35
4.3425
4.33
4.335
4.3475
4.37
4.3825
4.3775
4.3575
4.335
4.315
4.3175
4.2975
4.275
4.2725
4.2775
4.2925
4.3125
4.3175
4.33
4.3075
4.2925
4.265
4.265
4.27
4.2775
4.2425
4.195
4.1625
4.1375
4.165
4.1725
4.175
4.15
4.1675
4.15
4.1575
4.1725
4.18
4.205
4.205
4.1725
4.1825
4.2
4.2125
4.2225
4.2175
4.215
4.24
4.2125
4.205
4.205
4.2275
4.245
4.235
4.245
4.2625
4.2475
4.265
4.2825
4.27
4.295
4.2675
4.29
4.2675
4.2525
4.2625
4.25
4.245
4.235
4.2375
4.25
4.2475
4.2275
4.2325
4.2225
4.22
4.24
4.2575
4.2975
4.265
4.2825
4.3
4.275
4.265
4.28
4.29
4.25
4.2325
4.21
4.225
4.1975
4.1925
4.2075
4.225
4.2225
4.2325
4.22
4.2125
4.18
4.2025
4.185
4.1975
4.195
4.2025
4.21
4.21
4.21
4.2225
4.2
4.2375
4.235
4.2475
4.235
4.1925
4.1725
4.205
4.175
4.1525
4.16
4.175
4.19
4.1675
4.19
4.165
4.1625
4.1825
4.1825
4.2025
4.2
4.205
4.225
4.1875
4.2
4.2375
4.2425
4.2
4.1825
4.1825
4.195
4.205
4.235
4.235
4.215
4.2275
4.2025
4.1825
4.16
4.1825
4.1825
4.1975
4.23
4.255
4.255
4.2825
4.295
4.305
4.29
4.32
4.335
4.3125
4.3075
4.32
4.275
4.2525
4.24
4.215
4.22
4.2125
4.235
4.2275
4.245
4.2275
4.2325
4.22
4.235
4.225
4.245
4.2225
4.2325
4.2475
4.2075
4.2175
4.1925
4.1775
4.165
4.1775
4.1925
4.1775
4.18
4.175
4.1625
4.1675
4.145
4.165
4.14
4.1025
4.085
4.06
4.0675
4.0725
4.08
4.1025
4.095
4.055
4.1025
4.105
4.14
4.13
4.115
4.1225
4.135
4.125
4.1125
4.1275
4.15
4.1725
4.1725
4.14
4.1425
4.11
4.135
4.165
4.1675
4.16
4.185
4.1625
4.19
4.2175
4.19
4.185
4.15
4.115
4.135
4.115
4.13
