4.51
4.505
4.5275
4.5575
4.585
4.565
4.56
4.575
4.5525
4.5775
4.59
4.625
4.63
4.61
4.6175
4.605
4.59
4.5875
4.5975
4.6
4.605
4.595
4.6
4.615
4.62
4.605
4.5775
4.5975
4.63
4.5875
4.555
4.6025
4.6075
4.6
4.575
4.59
4.5675
4.52
4.5225
4.515
4.5275
4.5225
4.5325
4.5275
4.4725
4.4775
4.445
4.4075
4.4275
4.4475
4.4575
4.4425
4.4175
4.455
4.465
4.4525
4.4825
4.5125
4.53
4.5525
4.5475
4.5525
4.5575
4.54
4.5525
4.5425
4.5375
4.505
4.475
4.4975
4.48
4.4975
4.5175
4.515
4.52
4.525
4.475
4.4825
4.505
4.5275
4.525
4.555
4.52
4.5075
4.4825
4.47
4.4625
4.475
4.4425
4.405
4.4075
4.3925
4.41
4.3875
4.37
4.385
4.4125
4.435
4.395
4.395
4.3475
4.385
4.3725
4.335
4.3325
4.3625
4.3625
4.3575
4.375
4.34
4.29
4.2725
4.28
4.2725
4.305
4.3225
4.3325
4.3675
4.3575
4.36
4.37
4.345
4.37
4.34
4.37
4.34
4.3475
4.3025
4.3175
4.265
4.2425
4.235
4.27
4.28
4.2575
4.245
4.2175
4.2325
4.2075
4.2125
4.195
4.19
4.1875
4.2025
4.165
4.1775
4.1725
4.12
4.1325
4.1425
4.14
4.13
4.1125
4.095
4.095
4.07
4.08
4.045
4.02
4.045
4.0825
4.0575
4.055
4.0075
4.005
4.03
4.04
4.03
4.0475
4.0475
4.0275
4.035
3.995
3.97
3.985
3.9675
3.92
3.92
3.9075
3.8875
3.8625
3.8325
3.8475
3.825
3.83
3.85
3.8725
3.8775
3.89
3.8625
3.8375
3.8325
3.7925
3.7875
3.81
3.8275
3.835
3.83
3.8175
3.8175
3.82
3.8175
3.7925
3.82
3.8025
3.835
3.8275
3.8175
3.82
3.8325
3.8425
3.82
3.825
3.845
3.86
3.845
3.87
3.845
3.8275
3.81
3.79
3.805
3.84
3.855
3.8725
3.87
3.8875
3.915
3.875
3.845
3.8475
3.8525
3.8375
3.8425
3.8375
3.8475
3.875
3.8725
3.8775
3.865
3.855
3.87
3.8475
3.8625
3.8975
3.9225
3.9175
3.92
3.9325
3.9225
3.88
3.8525
3.82
3.8075
3.7875
3.805
3.7625
3.755
3.7275
3.73
3.6975
3.675
3.6725
3.7275
3.7525
3.79
3.8075
3.84
3.885
3.8475
3.84
3.8225
3.7875
3.79
3.785
3.8025
3.7775
3.775
3.8
3.8125
3.8275
3.825
3.84
3.83
3.81
3.81
3.8175
3.8175
3.8325
3.85
3.8625
3.845
3.835
3.8325
3.84
3.825
3.7875
3.8
3.8125
3.8175
3.8425
3.865
3.885
3.885
3.8975
3.9125
3.9125
3.94
3.9425
3.9575
3.9825
4.0025
4.0075
4.0325
4.0225
4.05
4.0225
4.0125
4.03
4.055
4.045
4.025
4.0325
4.0275
4.035
4.035
4.015
3.99
4.025
4.04
4.05
4.0675
4.0875
4.095
4.125
4.1275
4.1125
4.11
4.1
4.07
4.0625
4.075
4.0975
4.0875
4.0675
4.045
4.0475
4.07
4.0825
4.1225
4.0875
4.12
4.13
4.125
4.1125
4.1275
4.1325
4.1275
4.1325
4.145
4.1275
4.125
4.15
4.13
4.0825
4.06
4.0725
4.0825
4.0675
4.0575
4.045
4.01
4.0025
4.005
4.025
4.02
4.0225
3.9925
3.985
3.9825
3.9875
3.96
3.9525
3.9575
3.9275
3.9025
3.8725
3.875
3.89
3.895
3.9
3.86
3.8425
3.84
3.8275
3.85
3.8125
3.8025
3.82
3.805
3.8025
3.8175
3.835
3.8225
3.825
3.83
3.78
3.765
3.7825
3.7825
3.77
3.7775
3.7775
3.7975
3.81
3.86
3.855
3.8675
3.86
3.81
3.8025
3.8225
3.7825
3.7575
3.785
3.7775
3.76
3.7575
3.79
3.8125
3.8
3.795
3.81
3.7675
3.77
3.7575
3.7525
3.7475
3.7275
3.735
3.7425
3.7325
3.705
3.735
3.7525
3.7825
3.765
3.7825
3.755
3.765
3.78
3.7775
3.765
3.7825
3.7825
3.78
3.8075
3.7975
3.815
3.775
3.7875
3.8175
3.8375
3.8325
3.8525
3.8525
3.8825
3.8525
3.87
3.87
3.89
3.92
3.93
3.925
3.8725
3.855
3.8725
3.8625
3.92
3.895
3.89
3.8675
3.8575
3.845
3.81
3.78
3.775
3.8175
3.835
3.8475
3.8675
3.84
3.7975
3.825
3.825
3.8425
3.8525
3.8075
3.8425
3.865
3.8625
3.8825
3.87
3.8675
3.8625
3.9
3.8975
3.9275
3.955
3.9325
3.9225
3.895
3.8825
3.9125
3.92
3.8825
3.915
3.8975
3.885
3.86
3.8575
3.8625
3.8775
3.85
3.8425
3.8375
3.8425
3.865
3.89
3.8825
3.885
3.8925
3.9225
3.9125
3.9175
3.9425
3.955
3.97
3.98
3.965
3.97
3.9775
3.9375
3.9125
3.93
3.9475
3.935
3.975
3.9825
3.98
3.965
3.9375
3.9575
3.9525
3.925
3.925
3.935
3.9425
3.9625
3.99
3.9625
3.96
4.0
4.015
4.04
4.0625
4.035
4.005
4.025
4.0175
4.0175
4.0025
4.0225
3.9925
4.02
3.9975
3.9875
4.01
4.0125
3.98
4.0
4.0225
3.9825
3.9925
3.9525
3.955
3.9375
3.96
3.985
3.9775
3.94
3.9525
3.9375
3.9175
3.895
3.8975
3.92
3.9275
3.93
3.93
3.925
3.93
3.955
3.95
3.945
3.955
3.94
3.9275
3.945
3.9675
3.9825
3.9525
3.94
3.9375
3.8875
3.9
3.91
3.885
3.8625
3.83
3.85
3.84
3.8175
3.8225
3.8225
3.8325
3.8075
3.79
3.7925
3.78
3.8
3.825
3.845
3.8725
3.865
3.8675
3.8675
3.8975
3.8725
3.8825
3.8725
3.8875
3.9
3.8425
3.845
3.84
3.86
3.8625
3.8375
3.795
3.755
3.7825
3.7825
3.8025
3.76
3.7925
3.8075
3.835
3.83
3.85
3.875
3.8525
3.8525
3.86
3.87
3.8625
3.8425
3.815
3.8225
3.8325
3.8475
3.8075
3.8
3.835
3.8325
3.8375
3.795
3.7975
3.7875
3.76
3.76
3.77
3.7525
3.74
3.7475
3.785
3.7775
3.81
3.805
3.815
3.83
3.8475
3.81
3.8325
3.8275
3.83
3.795
3.8025
3.8
3.7875
3.7925
3.815
3.765
3.78
3.74
3.7425
3.73
3.745
3.7125
3.7175
3.73
3.725
3.7375
3.735
3.7575
3.775
3.8025
3.81
3.785
3.775
3.7675
3.775
3.7725
3.76
3.7525
3.73
3.72
3.7
3.7125
3.6975
3.6825
3.665
3.7025
3.68
3.7075
3.7125
3.7225
3.7375
3.7125
3.7475
3.7325
3.745
3.7525
3.7725
3.7775
3.7825
3.7725
3.7825
3.815
3.7975
3.82
3.8175
3.815
3.7875
3.7475
3.7725
3.78
3.75
3.755
3.7025
3.6925
3.6975
3.6925
3.6825
3.69
3.705
3.7175
3.74
3.7225
3.72
3.7
3.6825
3.695
3.72
3.74
3.7025
3.715
3.69
3.6675
3.65
3.6575
3.69
3.67
3.6575
3.65
3.665
3.64
3.6225
3.6325
3.6525
3.6525
3.66
3.6675
3.6375
3.645
3.6725
3.6875
3.6825
3.7
3.71
3.725
3.7025
3.6925
3.66
3.69
3.71
3.71
3.6825
3.675
3.6775
3.695
3.7
3.69
3.725
3.7325
3.735
3.7475
3.72
3.7175
3.745
3.7825
3.7975
3.805
3.82
3.8125
3.8025
3.8125
3.7775
3.8225
3.7975
3.7775
3.7775
3.73
3.745
3.765
3.7925
3.7825
3.7875
3.7475
3.715
3.6875
3.6575
3.63
3.625
3.6275
3.6175
3.6275
3.6075
3.6075
3.625
3.6075
3.6
3.5725
3.575
3.5875
3.59
3.6
3.5625
3.5425
3.5275
3.5225
3.54
3.545
3.535
3.5125
3.5025
3.53
3.5175
3.525
3.5225
3.535
3.5425
3.5475
3.5625
3.5375
3.5675
3.5675
3.5625
3.575
3.59
3.61
3.635
3.5975
3.6225
3.62
3.59
3.58
3.605
3.6275
3.645
3.65
3.6625
3.6675
3.6225
3.6475
3.615
3.6025
3.615
3.6125
3.6125
3.6075
3.6075
3.605
3.6175
3.605
3.61
3.61
3.6525
3.6525
3.655
3.685
3.69
3.685
3.6525
3.66
3.68
3.705
3.695
3.71
3.7
3.7575
3.7525
3.765
3.755
3.725
3.705
3.7425
3.7525
3.7475
3.74
3.74
3.75
3.7575
3.7125
3.695
3.7
3.705
3.7175
3.7125
3.715
3.7175
3.7375
3.7275
3.685
3.7125
3.7275
3.7325
3.74
3.7675
3.78
3.785
3.8
3.8075
3.805
3.8075
3.8075
3.7975
3.8175
3.8175
3.835
3.825
3.8475
3.8525
3.83
3.84
3.8625
3.895
3.91
3.8925
3.915
3.9
3.92
3.9025
3.9
3.9025
3.905
3.8975
3.9125
3.8975
3.885
3.88
3.91
3.875
3.8625
3.8475
3.87
3.8925
3.87
3.8475
3.8275
3.8275
3.8475
3.8775
3.9
3.8775
3.88
3.8975
3.9175
3.91
3.8825
3.86
3.87
3.8775
3.8675
3.8725
3.875
3.855
3.86
3.8675
3.895
3.9175
3.9125
3.92
3.8725
3.89
3.8725
3.8775
3.895
3.89
3.88
3.9025
3.935
3.955
3.94
3.92
3.935
3.93
3.945
3.965
3.9625
3.965
3.9625
3.9775
3.9525
3.9725
3.99
3.94
3.9325
3.945
3.945
3.9625
3.97
3.975
3.97
3.9475
3.9325
3.94
3.955
3.97
3.9725
3.97
3.9825
4.0175
4.0175
4.0025
3.9975
4.0275
4.035
4.01
3.995
4.02
4.0625
4.085
4.05
4.0675
4.1125
4.1025
4.0775
4.065
4.0425
4.05
4.07
4.065
4.09
4.0975
4.1275
4.095
4.095
4.0725
4.0875
4.07
4.0825
4.105
4.135
4.1725
4.1525
4.1275
4.11
4.1
4.1175
4.125
4.1025
4.085
4.0725
4.0625
4.0375
4.07
4.0825
4.085
4.085
4.09
4.0925
4.1075
4.14
4.1625
4.175
4.175
4.1725
4.1925
4.1975
4.1725
4.1925
4.155
4.15
4.1725
4.185
4.1625
4.18
4.21
4.235
4.2525
4.265
4.2925
4.275
4.28
4.235
4.2125
4.2
4.21
4.1725
4.18
4.145
4.16
4.155
4.165
4.14
4.1075
4.085
4.09
4.095
4.1225
4.14
4.15
4.1325
4.1075
4.0825
4.0975
4.095
4.0825
4.0875
4.07
4.04
4.0625
4.0725
4.035
4.0175
4.0175
3.9775
3.9675
3.9475
3.92
3.8975
3.885
3.89
3.915
3.93
3.905
3.91
3.9
3.925
3.9125
3.9175
3.9275
3.915
3.8975
3.915
3.9075
3.935
3.9125
3.925
3.9325
3.9625
3.955
3.9375
3.9375
3.9425
3.9675
3.9825
4.005
4.0075
4.0225
4.0125
4.0175
4.0325
4.0225
4.0075
4.0225
4.0225
4.0375
4.04
4.0225
4.0
4.0075
3.9925
3.9975
4.015
4.0
4.02
4.0175
4.045
4.03
4.0725
4.0825
4.095
4.0725
4.0425
4.055
4.05
4.0425
4.065
4.0525
4.0025
4.0125
4.045
4.0175
4.0375
4.0075
3.975
3.9525
3.965
3.925
3.9375
3.96
3.955
3.9125
3.8925
3.905
3.9075
3.9375
3.915
3.91
3.925
3.945
3.9175
3.9
3.9075
3.9325
3.925
3.9225
3.935
3.9225
3.9275
3.9275
3.9325
3.9525
3.9375
3.93
3.925
3.9275
3.9375
3.9325
3.945
3.955
3.985
4.005
4.03
4.0075
4.0075
4.025
4.0275
4.005
3.9975
3.97
3.9875
3.995
4.01
3.9975
3.9725
3.98
4.005
4.01
3.98
3.9925
4.01
4.0275
4.0375
4.0
4.02
4.04
4.0075
4.0175
4.02
4.05
4.0175
4.03
3.9875
3.9875
3.98
3.98
3.9875
3.9975
4.005
4.0125
4.0325
4.0475
4.0525
4.0675
4.07
4.06
4.0975
4.125
4.12
4.1375
4.1275
4.1675
4.155
4.12
4.13
4.1375
4.155
4.1575
4.1975
4.22
4.2225
4.1975
4.1775
4.1475
4.1825
4.1625
4.155
4.165
4.1725
4.16
4.17
4.18
4.215
4.215
4.215
4.22
4.225
4.2525
4.275
4.2625
4.25
4.23
4.2525
4.2575
4.2825
4.2425
4.2325
4.2
4.19
4.1875
4.1675
4.18
4.19
4.17
4.2075
4.195
4.2
4.2175
4.2475
4.2425
4.2575
4.285
4.25
4.28
4.2825
4.2825
4.305
4.3075
4.2775
4.245
4.245
4.23
4.2425
4.255
4.2425
4.2375
4.2175
4.24
4.2525
4.265
4.27
4.2925
4.2825
4.29
4.3
4.295
4.3375
4.295
4.2825
4.2575
4.245
4.22
4.19
4.195
4.1725
4.16
4.1625
4.1675
4.185
4.185
4.2
4.195
4.165
4.145
4.145
4.16
4.1325
4.135
4.1575
4.155
4.1875
4.2
4.185
4.145
4.11
4.1225
4.0975
4.0975
4.095
4.135
4.105
4.075
4.09
4.0825
4.095
4.0975
4.13
4.1425
4.1475
4.135
4.135
4.135
4.1275
4.15
4.1525
4.1375
4.1525
4.1775
4.1425
4.165
4.1925
4.1925
4.17
4.18
4.1675
4.19
4.205
4.23
4.22
4.185
4.195
4.1975
4.22
4.195
4.175
4.1775
4.17
4.17
4.1575
4.1775
4.1525
4.1525
4.16
4.1625
4.18
4.195
4.2
4.22
4.2275
4.25
4.255
4.2725
4.2675
4.2275
4.2325
4.2525
4.22
4.205
4.205
4.23
4.1975
4.18
4.18
4.195
4.185
4.1625
4.1525
4.1525
4.1525
4.175
4.1625
4.14
4.1325
4.13
4.14
4.16
4.1375
4.155
4.1325
4.1475
4.1575
4.15
4.165
4.12
4.1025
4.1075
4.1025
4.1175
4.09
4.1025
4.1325
4.095
4.105
4.075
4.075
4.1025
4.0625
4.06
4.08
4.1
4.12
4.095
4.1125
4.1475
4.1175
4.13
4.135
4.105
4.1125
4.1325
4.145
4.12
4.11
4.0775
4.07
4.035
4.0625
4.065
4.0725
4.08
4.095
4.1075
4.11
4.1225
4.1475
4.1575
4.1375
4.1475
4.1275
4.12
4.115
4.105
4.095
4.075
4.0575
4.045
4.015
4.01
3.99
3.96
3.98
3.9975
3.9775
3.9575
3.9625
3.9775
3.9875
4.0225
3.9925
3.9925
4.025
4.0375
4.0325
4.05
4.0425
4.0175
4.06
4.04
4.0575
4.0475
4.015
4.0025
4.0
3.9975
3.995
3.9725
4.01
4.0125
4.03
4.035
4.0175
4.0375
4.0375
4.0475
4.0475
4.05
4.0625
4.0625
4.06
4.055
4.055
4.0275
4.05
4.0375
4.0175
4.035
4.0275
4.03
4.06
4.07
4.055
4.055
4.0475
4.06
4.0175
4.02
3.995
3.9525
3.945
3.9575
3.98
3.99
4.025
4.0325
4.02
4.0425
4.03
4.045
4.0225
4.0225
4.0425
4.02
4.0275
3.985
3.995
4.0275
4.0025
4.015
4.02
3.9875
4.01
3.9975
4.01
4.0225
4.04
4.0125
4.0125
3.9925
3.9775
3.96
3.955
3.9825
3.975
3.98
3.99
4.01
4.02
4.01
3.975
3.98
3.9525
3.9625
3.9875
3.995
3.965
3.965
4.01
4.025
4.0175
4.0375
4.06
4.0675
4.035
4.04
4.0725
4.0475
4.055
4.0225
4.0225
4.045
4.0425
4.0625
4.075
4.055
4.0525
4.0575
4.07
4.0475
4.0675
4.09
4.0975
4.1125
4.1
4.085
4.085
4.0825
4.09
4.095
4.13
4.13
4.1325
4.115
4.0875
4.075
4.105
4.125
4.11
4.1075
4.08
4.0625
4.0775
4.0825
4.055
4.0975
4.0575
4.075
4.065
4.09
4.11
4.1125
4.1025
4.12
4.1425
4.135
4.17
4.1525
4.165
4.17
4.1825
4.1925
4.235
4.2375
4.2425
4.235
4.235
4.2625
4.245
4.215
4.235
4.2575
4.2325
4.25
4.2325
4.2025
4.1975
4.2125
4.2425
4.22
4.245
4.235
4.2675
4.275
4.265
4.28
4.2575
4.2675
4.2675
4.2475
4.2525
4.27
4.2875
4.28
4.295
4.3025
4.2775
4.2825
4.295
4.2575
4.265
4.2325
4.26
4.2575
4.275
4.2325
4.205
4.2
4.18
4.15
4.1675
4.175
4.1775
4.1475
4.1525
4.145
4.1725
4.175
4.1675
4.1775
4.1975
4.185
4.13
4.145
4.105
4.1025
4.1125
4.105
4.1275
4.135
4.115
4.0925
4.1175
4.1275
4.135
4.1525
4.14
4.1575
4.115
4.09
4.115
4.1375
4.1375
4.1075
4.1475
4.165
4.135
4.11
4.1425
4.1275
4.165
4.175
4.1675
4.135
4.115
4.15
4.1125
4.11
4.1275
4.1375
4.115
4.0775
4.0725
4.06
4.05
4.045
4.0675
4.06
4.0775
4.085
4.135
4.16
4.1525
4.1575
4.1725
4.1525
4.14
4.1375
4.14
4.145
4.1375
4.1375
4.155
4.125
4.13
4.13
4.135
4.1325
4.1575
4.1575
4.1825
4.185
4.155
4.1475
4.1275
4.115
4.0975
4.0975
4.0825
4.07
4.0925
4.11
4.1
4.085
4.0675
4.095
4.1
4.145
4.1275
4.125
4.115
4.14
4.145
4.17
4.1425
4.12
4.115
4.115
4.1175
4.1325
4.1225
4.13
4.1025
4.1275
4.095
4.07
4.08
4.0675
4.08
4.0475
4.0325
4.0575
4.06
4.04
4.0625
4.06
4.05
4.095
4.07
4.07
4.0625
4.07
4.075
4.095
4.105
4.1
4.135
4.1475
4.115
4.12
4.125
4.1075
4.115
4.1075
4.1175
4.115
4.0825
4.1025
4.1
4.1075
4.1075
4.0825
4.0825
4.1
4.0825
4.08
4.0775
4.0675
4.095
4.065
4.08
4.08
4.07
4.0925
4.1175
4.12
4.115
4.11
4.0975
4.11
4.1125
4.115
4.095
4.095
4.0975
4.105
4.1075
4.13
4.15
4.125
4.1225
4.1
4.105
4.11
4.1325
4.1425
4.14
4.135
4.105
4.115
4.105
4.0775
4.0575
4.0925
4.1025
4.12
4.1425
4.125
4.12
4.11
4.1175
4.125
4.1275
4.145
4.11
4.065
4.05
4.0325
4.05
4.0525
4.0575
4.055
4.0875
4.1125
4.0725
4.0825
4.0725
4.07
4.0675
4.05
4.0625
4.0525
4.0425
4.0525
4.0825
4.0675
4.055
4.0775
4.1075
4.12
4.0925
4.1175
4.13
4.1075
4.1125
4.0975
4.095
4.0875
4.105
4.0825
4.1075
4.0875
4.095
4.1175
4.13
4.155
4.1575
4.145
4.1275
4.1425
4.1475
4.16
4.185
4.145
4.155
4.1525
4.1475
4.145
4.1475
4.15
4.14
4.125
4.105
4.1175
4.115
4.115
4.155
4.1775
4.175
4.14
4.12
4.13
4.1125
4.0775
4.0825
4.0975
4.075
4.0825
4.055
4.055
4.0675
4.08
4.0425
4.0475
4.06
4.095
4.125
4.1575
4.1675
4.19
4.1725
4.19
4.1875
4.175
4.1975
4.1775
4.165
4.1425
4.1375
4.0975
4.0975
4.0725
4.0375
4.0675
4.08
4.055
4.0675
4.0825
4.095
4.1275
4.1625
4.1475
4.16
4.18
4.155
4.1925
4.18
4.1975
4.2225
4.2
4.215
4.2225
4.23
4.2
4.2
4.1825
4.19
4.2125
4.1875
4.17
4.1575
4.185
4.15
4.15
4.125
4.105
4.12
4.125
4.125
4.13
4.13
4.0975
4.08
4.075
4.0625
4.0425
4.0425
4.055
4.045
4.025
3.9925
3.965
3.965
3.9775
3.9925
4.0
4.005
3.9975
4.0025
4.02
3.9975
4.005
4.01
3.9725
3.9525
3.9175
3.9225
3.97
3.9625
3.9525
3.97
3.9975
3.9925
3.98
3.9775
3.96
3.9425
3.9475
3.945
3.9575
3.96
3.995
4.0175
4.04
4.025
4.02
3.9975
4.0125
4.0275
4.0425
4.055
4.0725
4.0675
4.0475
4.0125
4.01
4.0075
3.995
3.995
4.025
4.0325
4.0725
4.085
4.1075
4.1275
4.1425
4.1425
4.13
4.15
4.155
4.1625
4.14
4.1625
4.175
4.1875
4.185
4.16
4.165
4.1625
4.155
4.17
4.1475
4.1425
4.175
4.1625
4.175
4.1975
4.2125
4.2325
4.235
4.2525
4.26
4.26
4.2325
4.205
4.2025
4.2275
4.2425
4.25
4.21
4.23
4.2425
4.2725
4.2525
4.2425
4.275
4.25
4.2825
4.3075
4.3225
4.3475
4.35
4.37
4.37
4.3825
4.375
4.3875
4.385
4.36
4.32
4.3325
4.3625
4.3525
4.3575
4.3725
4.34
4.3475
4.335
4.35
4.3575
4.3675
4.38
4.375
4.385
4.365
4.3825
4.39
4.3775
4.3875
4.405
4.42
4.395
4.415
4.445
4.42
4.385
4.415
4.4075
4.42
4.39
4.3975
4.395
4.3875
4.39
4.4
4.415
4.4375
4.4525
4.425
4.4225
4.44
4.4375
4.42
4.4425
4.455
4.4575
4.465
4.495
4.485
4.445
4.4125
