4.72
4.7075
4.72
4.725
4.7575
4.735
4.715
4.705
4.705
4.6975
4.735
4.72
4.7075
4.725
4.735
4.73
4.75
4.745
4.7375
4.7025
4.745
4.76
4.76
4.7425
4.765
4.7675
4.77
4.7875
4.79
4.79
4.79
4.7725
4.8
4.8025
4.8075
4.7775
4.7825
4.77
4.79
4.81
4.8075
4.765
4.7375
4.72
4.6875
4.685
4.69
4.6525
4.6875
4.6775
4.64
4.62
4.6325
4.665
4.6575
4.635
4.6075
4.5775
4.5875
4.5675
4.5475
4.5225
4.4825
4.4975
4.4675
4.465
4.4675
4.435
4.415
4.3475
4.345
4.325
4.28
4.2625
4.2575
4.2575
4.27
4.255
4.2775
4.29
4.31
4.305
4.315
4.3
4.29
4.29
4.2675
4.29
4.2375
4.215
4.235
4.2075
4.2025
4.215
4.2325
4.2325
4.22
4.2
4.1775
4.145
4.15
4.1375
4.12
4.135
4.125
4.12
4.1325
4.115
4.1475
4.13
4.14
4.1175
4.1025
4.06
4.085
4.06
4.0525
4.0375
3.99
3.9575
3.93
3.9325
3.9525
3.935
3.9325
3.9375
3.94
3.97
3.99
3.985
3.98
3.95
3.9475
3.9225
3.9125
3.8975
3.905
3.87
3.8325
3.845
3.8525
3.8575
3.85
3.845
3.8325
3.845
3.8825
3.8825
3.855
3.8425
3.83
3.845
3.81
3.8025
3.83
3.835
3.8675
3.86
3.895
3.9025
3.905
3.9225
3.91
3.8775
3.8825
3.8775
3.87
3.84
3.8375
3.86
3.8675
3.86
3.8325
3.8275
3.82
3.8
3.8175
3.8025
3.82
3.775
3.76
3.765
3.73
3.7525
3.7375
3.715
3.74
3.7175
3.715
3.7275
3.7525
3.77
3.7775
3.7825
3.785
3.8
3.775
3.75
3.7625
3.765
3.7725
3.78
3.7675
3.785
3.7625
3.725
3.6875
3.6775
3.6625
3.695
3.705
3.69
3.7075
3.7425
3.7325
3.695
3.695
3.6825
3.71
3.7075
3.7325
3.75
3.745
3.765
3.74
3.7325
3.7725
3.7525
3.7625
3.74
3.7125
3.7175
3.7225
3.73
3.7275
3.7075
3.69
3.66
3.645
3.6525
3.6625
3.69
3.6875
3.6925
3.7125
3.715
3.745
3.755
3.7525
3.7675
3.725
3.7525
3.745
3.745
3.78
3.7575
3.7875
3.8025
3.7875
3.77
3.7625
3.7675
3.72
3.73
3.745
3.755
3.75
3.7475
3.7225
3.73
3.76
3.7875
3.755
3.79
3.805
3.7875
3.805
3.79
3.7825
3.755
3.7675
3.7875
3.785
3.775
3.81
3.8125
3.79
3.7925
3.8
3.795
3.8025
3.81
3.8
3.79
3.775
3.8
3.8025
3.8325
3.83
3.8175
3.8375
3.8675
3.835
3.8525
3.845
3.8225
3.8225
3.8075
3.8025
3.815
3.825
3.825
3.8525
3.8325
3.8425
3.8325
3.8225
3.8
3.82
3.83
3.85
3.8175
3.835
3.825
3.8325
3.8175
3.81
3.8375
3.8675
3.8475
3.86
3.8575
3.8275
3.8025
3.79
3.8125
3.8225
3.8075
3.8075
3.7725
3.81
3.8525
3.8275
3.84
3.8675
3.84
3.8075
3.78
3.7325
3.75
3.7425
3.7575
3.775
3.7975
3.855
3.8275
3.8425
3.84
3.8625
3.8575
3.8675
3.87
3.8975
3.8575
3.865
3.835
3.8675
3.8775
3.88
3.8425
3.825
3.79
3.795
3.8275
3.8025
3.75
3.7625
3.7825
3.7925
3.7675
3.7625
3.77
3.7625
3.79
3.815
3.7925
3.8125
3.8325
3.8175
3.8175
3.8375
3.84
3.8675
3.87
3.8425
3.81
3.7775
3.75
3.7425
3.7475
3.755
3.74
3.7325
3.735
3.7075
3.685
3.72
3.705
3.695
3.69
3.66
3.635
3.64
3.625
3.635
3.6425
3.64
3.655
3.615
3.665
3.6625
3.6775
3.7075
3.7
3.7225
3.7325
3.7375
3.7175
3.73
3.7325
3.7375
3.745
3.7625
3.775
3.79
3.7975
3.8275
3.8425
3.8425
3.865
3.8575
3.8625
3.88
3.895
3.8875
3.9075
3.8975
3.8775
3.8675
3.8275
3.84
3.8375
3.8425
3.8025
3.8225
3.8375
3.8475
3.8625
3.8325
3.835
3.8
3.7725
3.7525
3.73
3.7325
3.745
3.72
3.725
3.7
3.7125
3.6975
3.7125
3.7175
3.705
3.7075
3.735
3.74
3.75
3.765
3.775
3.7475
3.7325
3.7275
3.745
3.74
3.77
3.76
3.755
3.715
3.73
3.7125
3.7075
3.735
3.745
3.75
3.7625
3.7825
3.7425
3.7475
3.77
3.79
3.8075
3.8275
3.8375
3.815
3.8275
3.8
3.815
3.825
3.84
3.825
3.8525
3.865
3.8825
3.88
3.91
3.9325
3.9125
3.9
3.895
3.9075
3.9075
3.85
3.8875
3.9075
3.9375
3.915
3.9125
3.9225
3.92
3.9325
3.9375
3.96
3.9475
3.95
3.9825
3.9775
3.97
3.945
3.965
3.9975
3.98
3.995
4.0175
3.9825
3.9925
3.9725
3.995
3.975
3.9725
3.9725
3.9275
3.8925
3.8725
3.8475
3.8525
3.87
3.89
3.8575
3.875
3.865
3.84
3.845
3.8625
3.89
3.8725
3.8425
3.8475
3.845
3.8425
3.8525
3.88
3.88
3.87
3.8475
3.8675
3.8625
3.8725
3.8975
3.9175
3.9225
3.97
3.985
4.0075
3.9725
3.945
3.925
3.9425
3.9825
3.9475
3.9325
3.9075
3.88
3.8725
3.8825
3.88
3.9075
3.9375
3.925
3.8975
3.905
3.895
3.9125
3.915
3.94
3.92
3.9425
3.9475
3.915
3.935
3.915
3.9075
3.885
3.8475
3.825
3.855
3.8225
3.855
3.8675
3.8725
3.8725
3.8675
3.8375
3.8325
3.835
3.83
3.8225
3.79
3.8
3.7775
3.7875
3.8125
3.825
3.82
3.8525
3.8375
3.8225
3.795
3.82
3.83
3.8225
3.825
3.8425
3.8425
3.8525
3.875
3.87
3.8575
3.865
3.885
3.8775
3.8775
3.875
3.89
3.885
3.8875
3.8875
3.8825
3.85
3.8275
3.8075
3.82
3.85
3.8425
3.8575
3.8725
3.885
3.8925
3.87
3.8975
3.8925
3.885
3.9125
3.9175
3.89
3.9025
3.9225
3.945
3.975
3.955
3.975
4.0
3.96
3.985
3.98
3.99
3.98
3.9975
3.9875
3.9825
3.9925
4.0075
4.0025
3.985
3.9675
3.9775
3.965
3.975
3.98
3.9925
3.995
4.0225
4.0
3.9925
4.015
4.0075
4.0125
3.9975
4.0075
4.025
4.035
4.035
4.0325
4.03
4.0425
4.055
4.035
4.065
4.0725
4.0925
4.1025
4.0975
4.1
4.1225
4.11
4.0925
4.1025
4.0925
4.06
4.075
4.035
4.0175
4.0275
4.0425
4.02
4.035
4.0275
4.01
4.025
4.0225
3.99
4.015
4.0125
3.9975
4.02
4.02
4.03
4.02
4.03
4.0525
4.045
4.0475
4.05
4.0425
4.04
4.015
4.005
4.04
4.0525
4.065
4.055
4.07
4.045
4.11
4.15
4.16
4.1475
4.16
4.13
4.1125
4.125
4.15
4.17
4.175
4.1875
4.16
4.17
4.185
4.19
4.1625
4.1325
4.105
4.1125
4.1325
4.1125
4.145
4.165
4.1375
4.14
4.1175
4.1125
4.085
4.0725
4.05
4.0325
4.0125
3.9975
4.01
4.02
4.055
4.0325
4.0075
4.005
4.0325
4.0475
4.0675
4.035
4.0375
4.05
4.0675
4.07
4.075
4.08
4.0925
4.1125
4.1275
4.1375
4.1275
4.16
4.1475
4.1375
4.11
4.1125
4.065
4.085
4.0475
4.055
4.0675
4.09
4.0875
4.0525
4.055
4.0025
3.9675
3.9725
3.965
4.0
4.0225
4.0525
4.0625
4.0775
4.1
4.105
4.1325
4.1475
4.1325
4.1325
4.0975
4.09
4.105
4.1075
4.115
4.0925
4.085
4.1
4.11
4.13
4.1575
4.1525
4.135
4.1225
4.14
4.115
4.1075
4.1175
4.1175
4.135
4.1525
4.165
4.1575
4.13
4.1075
4.0875
4.1
4.1175
4.1125
4.125
4.11
4.1075
4.1125
4.1275
4.1525
4.1725
4.155
4.165
4.18
4.1675
4.19
4.18
4.1625
4.185
4.18
4.1475
4.165
4.1925
4.1775
4.16
4.1675
4.19
4.1925
4.205
4.17
4.135
4.1125
4.1525
4.1625
4.1825
4.1625
4.125
4.1275
4.1275
4.1025
4.075
4.0675
4.045
4.0575
4.05
4.06
4.05
4.07
4.095
4.07
4.1
4.0925
4.0825
4.1075
4.1275
4.15
4.155
4.13
4.145
4.11
4.125
4.1125
4.11
4.125
4.105
4.11
4.0825
4.06
4.06
4.0775
4.0575
4.08
4.085
4.11
4.12
4.13
4.1425
4.165
4.1925
4.21
4.2
4.1925
4.175
4.205
4.22
4.1875
4.2325
4.2125
4.2075
4.205
4.1875
4.17
4.19
4.205
4.19
4.1675
4.16
4.15
4.1675
4.175
4.145
4.12
4.145
4.1325
4.135
4.145
4.145
4.115
4.1175
4.1575
4.195
4.19
4.1875
4.1975
4.21
4.215
4.23
4.2125
4.2175
4.2325
4.24
4.2625
4.2775
4.2575
4.2425
4.2575
4.255
4.285
4.2875
4.265
4.275
4.265
4.2625
4.29
4.3125
4.3175
4.34
4.31
4.325
4.315
4.295
4.31
4.2925
4.325
4.29
4.295
4.315
4.34
4.37
4.3825
4.3875
4.3975
4.4375
4.4075
4.4125
4.3725
4.3575
4.3925
4.425
4.4375
4.425
4.415
4.405
4.355
4.3575
4.355
4.3375
4.305
4.315
4.3475
4.3375
4.2925
4.28
4.285
4.25
4.23
4.2175
4.2225
4.205
4.2
4.235
4.2575
4.2625
4.285
4.295
4.285
4.29
4.315
4.3175
4.29
4.255
4.2725
4.295
4.265
4.25
4.24
4.2625
4.2725
4.275
4.29
4.2575
4.26
4.28
4.2575
4.285
4.3
4.3075
4.29
4.325
4.305
4.3
4.285
4.285
4.26
4.28
4.2625
4.2875
4.3125
4.3025
4.265
4.275
4.2525
4.23
4.225
4.1975
4.2125
4.1975
4.18
4.19
4.2
4.2275
4.1975
4.2125
4.235
4.2175
4.2375
4.2225
4.215
4.1975
4.1625
4.1675
4.185
4.2075
4.1975
4.2
4.2075
4.1925
4.155
4.175
4.1825
4.185
4.155
4.1725
4.1675
4.1825
4.155
4.145
4.12
4.11
4.1
4.11
4.1025
4.1125
4.1125
4.0925
4.1025
4.1275
4.1125
4.145
4.13
4.115
4.1275
4.145
4.1575
4.18
4.1825
4.195
4.16
4.1275
4.1075
4.0925
4.1125
4.1575
4.18
4.1975
4.1825
4.185
4.2025
4.2075
4.215
4.225
4.2225
4.205
4.185
4.1925
4.21
4.235
4.235
4.2075
4.205
4.215
4.2025
4.1825
4.2025
4.2025
4.22
4.21
4.1775
4.17
4.205
4.1725
4.1625
4.19
4.205
4.2075
4.195
4.205
4.1825
4.1525
4.1375
4.1525
4.1725
4.1775
4.2075
4.205
4.185
4.1725
4.1925
4.17
4.1775
4.1925
4.215
4.2275
4.25
4.235
4.24
4.27
4.245
4.2325
4.2225
4.2375
4.2425
4.2475
4.24
4.255
4.29
4.265
4.255
4.2775
4.28
4.275
4.2725
4.27
4.205
4.21
4.2175
4.205
4.2125
4.1825
4.2
4.21
4.2125
4.19
4.1975
4.1875
4.2025
4.1975
4.22
4.2275
4.2425
4.245
4.25
4.265
4.2775
4.29
4.265
4.26
4.24
4.215
4.1975
4.22
4.2275
4.2
4.185
4.2125
4.2225
4.235
4.25
4.23
4.23
4.2075
4.2175
4.225
4.21
4.215
4.2375
4.2575
4.2575
4.23
4.19
4.165
4.19
4.1625
4.12
4.1
4.1
4.075
4.065
4.0975
4.0975
4.1075
4.12
4.08
4.05
4.085
4.1
4.09
4.1025
4.1125
4.13
4.15
4.155
4.135
4.0975
4.1125
4.11
4.1025
4.085
4.09
4.0875
4.1125
4.1225
4.135
4.1525
4.145
4.12
4.0975
4.1075
4.105
4.1225
4.15
4.165
4.135
4.135
4.1575
4.195
4.2075
4.2025
4.22
4.235
4.21
4.235
4.2525
4.2325
4.2275
4.2375
4.2075
4.195
4.175
4.2125
4.2275
4.2425
4.2525
4.2425
4.255
4.2625
4.2325
4.2275
4.195
4.2275
4.21
4.205
4.2125
4.215
4.1825
4.1675
4.1775
4.2075
4.2125
4.2125
4.235
4.2175
4.21
4.2175
4.2025
4.1975
4.23
4.25
4.2575
4.275
4.29
4.275
4.27
4.24
4.265
4.29
4.2975
4.275
4.2925
4.2725
4.2475
4.255
4.2425
4.2575
4.295
4.285
4.31
4.33
4.35
4.325
4.305
4.29
4.3325
4.2975
4.27
4.2525
4.2425
4.2225
4.1825
4.155
4.1525
4.1575
4.1725
4.17
4.125
4.1275
4.1375
4.145
4.16
4.1725
4.195
4.1675
4.1575
4.185
4.19
4.205
4.1875
4.195
4.18
4.1825
4.1825
4.2075
4.215
4.1975
4.2175
4.2025
4.205
4.22
4.2025
4.195
4.1725
4.17
4.15
4.1525
4.155
4.1575
4.17
4.15
4.1175
4.1375
4.1125
4.105
4.085
4.0875
4.085
4.08
4.0575
4.0775
4.07
4.0475
4.0675
4.08
4.06
4.055
4.055
4.0625
4.0175
4.0225
4.0225
4.0
3.9825
3.9975
3.985
3.99
3.9825
3.97
3.9775
3.945
3.905
3.9125
3.945
3.9825
3.985
3.9875
3.9875
3.9925
3.9625
3.9725
3.97
3.955
3.9775
3.995
4.005
4.015
4.03
4.0175
4.0325
4.01
3.97
3.9425
3.97
3.9925
3.995
3.9975
3.9875
3.995
3.9775
3.99
3.9925
4.005
3.995
4.0
3.99
4.0275
4.025
4.0375
4.0525
4.045
4.07
4.04
4.045
4.055
4.055
4.08
4.0475
4.0425
4.0525
4.0625
4.035
4.04
4.05
4.08
4.0575
4.05
4.07
4.1
4.1
4.0725
4.0975
4.1075
4.075
4.0725
4.0725
4.0625
4.05
4.0275
4.02
4.01
4.0125
4.0325
4.0525
4.0775
4.0575
4.0525
4.0625
4.07
4.0975
4.13
4.1625
4.175
4.1925
4.205
4.1675
4.2
4.215
4.1875
4.1625
4.1825
4.1975
4.175
4.18
4.155
4.1925
4.1775
4.19
4.1725
4.155
4.14
4.1075
4.1225
4.1175
4.1225
4.1375
4.14
4.1825
4.185
4.1625
4.1775
4.1275
4.1325
4.1075
4.14
4.1625
4.165
4.1725
4.185
4.195
4.2275
4.2175
4.2125
4.235
4.2275
4.2
4.1825
4.1925
4.195
4.19
4.1525
4.1575
4.145
4.15
4.1475
4.1625
4.14
4.1025
4.1125
4.1125
4.125
4.1225
4.115
4.1025
4.0875
4.1125
4.1025
4.1275
4.145
4.115
4.105
4.1175
4.0975
4.105
4.085
4.0825
4.1025
4.0925
4.095
4.115
4.1275
4.1325
4.145
4.1775
4.1875
4.1675
4.1725
4.1575
4.1275
4.1625
4.1825
4.195
4.19
4.16
4.155
4.145
4.13
4.1375
4.1625
4.1625
4.165
4.1625
4.14
4.16
4.155
4.1225
4.1175
4.14
4.13
4.165
4.18
4.2
4.2275
4.235
4.2425
4.245
4.2175
4.1975
4.195
4.1725
4.1775
4.135
4.1
4.0625
4.07
4.0775
4.07
4.0975
4.095
4.0975
4.0725
4.06
4.025
4.02
4.0
4.03
4.0425
4.01
3.98
3.9875
4.005
4.0
4.0325
3.9825
3.95
3.92
3.935
3.9275
3.945
3.9525
3.95
3.9825
4.0
3.985
4.02
4.0375
4.0025
3.96
3.9725
3.9675
3.9725
3.9875
4.005
3.9825
4.0025
4.015
4.0
3.9725
3.9675
3.9275
3.8875
3.9025
3.9025
3.9225
3.925
3.915
3.93
3.945
3.9525
3.9725
3.97
4.01
4.0075
4.015
4.0425
4.0175
4.0025
4.04
4.02
4.03
4.0325
4.055
4.0325
4.045
4.06
4.095
4.0875
4.0725
4.0825
4.0725
4.0425
4.0725
4.0825
4.075
4.0325
4.02
4.0125
4.04
4.06
4.0725
4.09
4.0775
4.0975
4.0975
4.135
4.12
4.1175
4.13
4.1375
4.1475
4.1675
4.215
4.235
4.2475
4.2425
4.265
4.2775
4.2975
4.325
4.2925
4.27
4.2625
4.235
4.23
4.25
4.2525
4.25
4.2275
4.2325
4.205
4.1775
4.1575
4.135
4.1475
4.14
4.165
4.175
4.1775
4.17
4.1775
4.185
4.215
4.2375
4.215
4.1675
4.195
4.19
4.185
4.1675
4.1475
4.1725
4.2
4.1825
4.1575
4.1775
4.1875
4.1625
4.185
4.2175
4.19
4.2125
4.215
4.2525
4.2625
4.2425
4.265
4.2725
4.2425
4.205
4.2225
4.2075
4.185
4.1675
4.17
4.195
4.205
4.235
4.2025
4.2175
4.2325
4.23
4.21
4.225
4.2075
4.2175
4.2475
4.245
4.2375
4.215
4.235
4.2425
4.27
4.2275
4.2075
4.2
4.1875
4.1875
4.1725
4.1925
4.2325
4.225
4.2425
4.26
4.275
4.285
4.2575
4.265
4.25
4.2425
4.23
4.26
4.2575
4.2475
4.25
4.2375
4.2525
4.265
4.2425
4.25
4.235
4.2675
4.2675
4.25
4.24
4.2375
4.2475
4.225
4.2
4.2275
4.2275
4.2325
4.2225
4.2175
4.245
4.255
4.2625
4.2825
4.26
4.2775
4.2425
4.21
4.2375
4.2325
4.21
4.2375
4.2175
4.185
4.145
4.1475
4.165
4.1825
4.19
4.1925
4.2025
4.2125
4.22
4.1775
4.175
4.1825
4.1625
4.14
4.1675
4.175
4.1975
4.215
4.215
4.22
4.235
4.2525
4.225
4.23
4.2175
4.1875
4.1975
4.21
4.2425
4.2525
4.2375
4.2375
4.2625
4.24
4.25
4.245
4.2275
4.23
4.2575
4.265
4.265
4.2675
4.26
4.2675
4.2725
4.29
4.2725
4.2675
4.2275
4.2275
4.1975
4.1825
4.225
4.1975
4.1975
4.2175
4.21
4.21
4.1775
4.165
4.2025
4.205
4.22
4.2175
4.1825
4.205
4.1925
4.1675
4.185
4.16
4.175
4.1875
4.2025
4.18
4.18
4.1825
4.1925
4.195
4.1875
4.2125
4.23
4.2125
4.23
4.245
4.2725
4.2825
4.2975
4.2875
4.31
4.295
4.2925
4.31
4.32
4.3
4.3225
4.3425
4.3675
4.39
4.38
4.3975
4.3825
4.355
4.36
4.345
4.375
4.3525
4.3575
4.3425
4.3075
4.2775
4.255
4.255
4.29
4.3025
4.285
4.2925
4.2825
4.3075
4.3175
4.3125
4.2825
4.2775
4.3225
4.35
4.315
4.3075
4.3225
4.345
4.3225
4.345
4.3825
4.3825
4.3425
4.325
4.315
4.285
4.305
4.3525
4.3725
4.36
4.3825
4.3525
4.355
4.32
4.335
4.3075
4.3125
4.31
4.3225
4.3025
4.3225
4.355
4.32
4.33
4.33
4.35
4.3275
4.335
4.3525
4.3325
4.345
4.36
4.3575
4.375
4.4225
4.425
4.4225
4.43
4.415
4.4225
4.425
4.4125
4.445
4.4625
4.4775
4.485
4.505
4.5175
4.5125
4.4925
4.4725
4.455
4.475
4.4925
4.53
4.5175
4.52
4.5325
4.5225
4.52
4.4875
4.51
4.49
4.4975
4.495
4.505
4.49
4.4775
4.495
4.465
4.4825
4.5
4.5
4.5275
4.535
4.5125
4.515
4.525
4.545
4.57
4.5425
4.5225
4.4975
4.4775
4.4525
4.4825
4.49
4.4925
4.465
4.455
4.435
4.4175
4.395
4.39
4.3675
4.3925
4.3925
4.41
4.4075
4.3775
4.395
4.41
4.425
4.3925
4.395
4.42
4.435
4.41
4.4175
4.4275
4.4375
4.4425
4.44
4.43
4.43
4.4625
4.4825
4.475
4.4775
4.4675
4.4675
4.4875
4.47
4.4475
4.4225
4.425
4.4275
4.4425
4.43
4.435
4.41
4.39
4.4
4.365
4.385
4.3625
4.375
4.3425
4.3575
4.39
4.3625
4.3675
4.37
4.385
4.4075
4.4325
4.4125
4.385
4.3975
4.4025
4.41
4.395
4.37
4.3375
4.3475
4.335
4.34
4.3475
4.3525
4.3175
4.3375
4.325
4.2875
4.285
4.265
4.2725
4.28
4.2725
4.2925
4.285
4.2375
4.26
4.2475
4.2575
4.2775
4.28
4.2975
4.33
4.2925
4.3025
4.315
4.3375
4.3125
4.3275
4.3125
4.325
4.3125
4.29
4.3075
4.2675
4.27
4.2875
4.265
4.235
4.2425
4.22
4.2525
4.2325
4.205
4.2175
4.2275
4.235
4.22
4.2275
4.2375
4.195
4.195
4.1925
4.1625
4.1775
4.18
4.1875
4.23
4.2225
4.2425
4.22
4.1925
4.205
4.18
4.16
4.145
4.14
4.15
4.1625
4.165
4.1825
4.2125
4.1925
4.2
4.16
4.1725
4.1625
4.1475
4.1325
4.1175
4.115
4.1525
4.155
4.1675
4.1575
4.1275
4.17
4.1825
4.17
4.165
4.18
4.21
4.215
4.195
4.1725
4.16
4.1925
4.195
4.205
4.2075
4.225
4.2475
4.225
4.26
4.235
4.255
4.2775
4.26
4.2675
4.28
4.3075
4.3
4.305
4.3025
4.2675
4.29
4.2825
4.31
4.325
4.3575
4.35
4.3575
4.3175
4.3175
4.33
4.365
4.355
4.37
4.375
4.3875
4.36
4.3825
4.3975
4.385
4.4025
4.4175
4.39
4.37
4.3875
4.395
4.4125
4.3875
4.3975
4.385
4.3975
4.385
4.41
4.385
4.4
4.3925
4.4075
4.3725
4.3275
4.345
4.3125
4.3275
4.33
4.355
4.3675
4.34
4.3425
4.3375
4.3275
4.3475
4.3525
4.3325
4.3425
4.3475
4.35
4.355
4.3425
4.3625
4.375
4.37
4.34
4.35
4.3575
4.3525
4.33
4.3625
4.3525
4.3225
4.28
4.2875
4.2525
4.22
4.205
4.2075
4.215
4.2025
4.19
4.17
4.145
4.1625
4.19
4.1675
4.19
4.1775
4.1775
4.145
4.1425
4.16
4.1375
4.1375
4.1225
4.11
4.1175
4.0925
4.1075
4.1025
4.1025
4.0975
4.1025
4.08
4.09
4.1175
4.1325
4.1225
4.115
4.12
4.12
4.1425
4.1475
4.16
4.17
4.1975
4.1725
4.13
4.115
4.1325
4.1475
4.1725
4.1825
4.195
4.2175
4.2275
4.2475
4.2575
4.285
4.265
4.2375
4.2525
4.215
4.195
4.175
4.19
4.1975
4.17
4.185
4.1575
4.1625
4.1825
4.19
4.17
4.1575
4.1475
4.1175
4.1075
4.115
4.1225
4.135
4.16
4.1425
4.13
4.14
4.1225
4.1075
4.1275
4.1075
4.105
4.09
4.12
4.0875
4.0975
4.0825
4.1025
4.1425
4.145
4.1625
4.155
4.14
4.1425
4.1375
4.105
4.14
4.13
4.12
4.105
4.105
4.0825
4.0825
4.075
4.0875
4.0775
4.0625
4.0775
4.08
4.12
4.1125
4.14
4.1175
4.1275
4.1125
4.1325
4.1
4.08
4.0925
4.1075
4.1275
4.1375
4.1325
4.1275
4.1375
4.115
4.085
4.0825
4.07
4.09
4.0675
4.035
4.0575
4.055
4.0675
4.08
4.1075
4.1175
4.13
4.12
4.14
4.125
4.1425
4.1225
4.1075
4.115
4.1225
4.115
4.0875
4.1
4.09
4.0825
4.05
4.0425
4.0625
4.07
4.0675
4.0325
4.03
4.0375
4.0475
4.0725
4.0875
4.085
4.045
4.055
4.0225
4.04
4.0525
4.0425
4.025
4.04
4.035
4.04
4.0325
4.06
4.0775
4.0875
4.1025
4.08
4.0675
4.0375
4.0475
4.0525
4.0575
4.04
4.025
4.0225
4.035
4.065
4.0525
4.0425
4.0575
4.0675
4.085
4.0775
4.0425
4.055
4.05
4.0375
4.0575
4.045
4.0175
4.035
4.04
4.0225
4.0275
4.0325
3.9975
4.0125
4.0225
4.045
4.0475
4.02
4.0375
4.07
4.0825
4.05
4.05
4.0675
4.0775
4.0425
4.0275
4.055
4.0475
4.08
4.0925
4.095
4.055
4.045
4.0575
4.045
4.055
4.025
4.045
4.055
4.0725
4.0925
4.07
4.095
4.1075
4.0975
4.105
4.095
4.1025
4.1225
4.165
4.1675
4.1875
4.1725
4.1725
4.15
4.12
4.11
4.135
4.1175
4.0925
4.1075
4.085
4.095
4.1
4.085
4.07
4.045
4.05
4.065
4.0775
4.0925
4.11
4.14
4.145
4.1575
4.1675
4.1875
4.1625
4.15
4.16
4.1375
4.1525
4.165
4.1625
4.135
4.1425
4.1375
4.1425
4.1375
4.1525
4.1775
4.1575
4.1675
4.15
4.155
4.1325
4.15
4.1725
4.155
4.1375
4.14
4.1325
4.135
4.15
4.16
4.1225
4.1375
4.1325
4.14
4.1775
4.14
4.1475
4.165
4.1725
4.1825
4.1675
4.135
4.145
4.1475
4.12
4.1475
4.13
4.1325
4.1275
4.1525
4.1525
4.17
4.1275
4.1375
4.16
4.1225
4.11
4.0725
4.0825
4.0825
4.0675
4.0475
4.065
4.05
4.025
4.0575
4.0175
4.015
4.0125
4.0425
4.0425
4.065
4.0575
4.0675
4.06
4.0425
4.0175
4.0075
4.025
4.015
4.025
4.035
4.06
4.075
4.065
4.075
4.09
4.0825
4.095
4.105
4.1125
4.145
4.145
4.14
4.14
4.1625
4.18
4.2
4.205
4.215
4.245
4.2525
4.245
4.2375
4.275
4.2675
4.2975
4.28
4.2875
4.285
4.2775
4.255
4.2675
4.255
4.2575
4.245
4.2675
4.2325
4.25
4.2375
4.2125
4.235
4.2025
4.21
4.23
4.2375
4.285
4.3025
4.3
4.28
4.3025
4.29
4.31
4.325
4.34
4.3425
4.3275
4.31
4.3425
4.3325
4.3225
4.2975
4.3225
4.295
4.285
4.245
4.265
4.275
4.2925
4.315
4.3025
4.285
4.305
4.2975
4.27
4.2775
4.2875
4.295
4.2925
4.31
4.28
4.2975
4.325
4.325
4.345
4.3525
4.3425
4.3475
4.3575
4.38
4.4
4.415
4.405
4.3825
4.395
4.365
4.4025
4.3725
4.3575
4.3375
4.355
4.365
4.39
4.3975
4.3675
4.3825
4.375
4.3775
4.3725
4.39
4.415
4.44
4.4525
4.4375
4.4575
4.45
4.4525
4.4675
4.485
4.5075
4.5225
4.5475
4.5125
4.4875
4.4775
4.43
4.4425
4.435
4.44
4.4175
4.405
4.3925
4.37
4.42
4.445
4.4675
4.4325
4.4575
4.47
4.47
4.4825
4.455
4.44
4.4475
4.445
4.415
4.425
4.4275
4.4075
4.3875
4.375
4.3875
4.3875
4.3625
4.3425
4.3675
4.3775
4.365
4.37
4.385
4.4025
4.4125
4.42
4.445
4.4725
4.455
4.44
4.4075
4.42
4.4
4.395
4.3625
4.35
4.365
4.375
4.355
4.3575
4.385
4.3925
4.36
4.345
4.3825
4.3875
4.405
4.3725
4.37
4.3625
4.3325
4.3225
4.3225
4.3375
4.3275
4.3375
4.33
4.35
4.375
4.375
4.375
4.3825
4.39
4.415
4.38
4.36
4.3875
4.385
4.3825
4.3925
4.4
4.43
4.4425
4.4325
4.4325
4.44
4.4225
4.4625
4.48
4.455
4.4575
4.4325
4.4375
4.445
4.465
4.475
4.5025
4.51
4.51
4.5225
4.515
4.485
4.4875
4.49
4.4775
4.465
4.4825
4.4925
4.475
4.4825
4.5
4.4975
4.51
4.4775
4.4775
4.4775
4.4475
4.425
4.46
4.46
4.46
4.46
4.4425
4.4425
4.4925
4.495
4.47
4.4425
4.405
4.3875
4.3875
4.3875
4.395
4.3775
4.3625
4.3475
4.3475
4.305
4.29
4.3125
4.3175
4.345
4.355
4.3825
4.41
4.425
4.4025
4.39
4.395
4.4225
4.4475
4.4425
4.4325
4.4325
4.415
4.42
4.4425
4.405
4.3725
4.34
4.3475
4.35
4.3625
4.36
4.3525
4.385
4.3875
4.4125
4.4325
4.425
4.43
4.395
4.4275
4.45
4.435
4.395
4.3725
4.38
4.37
4.395
4.3725
4.3925
4.3825
4.3775
4.3975
4.4
4.4075
4.425
4.435
4.46
4.46
4.4575
4.48
4.49
4.4475
4.46
4.47
4.45
4.455
4.44
4.4425
4.46
4.45
4.4325
4.435
4.415
4.4125
4.42
4.3925
4.4175
4.4475
4.4675
4.425
4.43
4.4025
4.39
4.4125
4.3925
4.37
4.4075
4.395
4.415
4.4175
4.4325
4.4375
4.4225
4.4275
4.4325
4.405
4.4025
4.4225
4.41
4.3725
4.385
4.4125
4.375
4.3875
4.39
4.395
4.3875
4.375
4.37
4.3975
4.365
4.34
4.355
4.3425
4.3225
4.3425
4.3075
4.3
4.2775
4.25
4.24
4.255
4.2375
4.255
4.25
4.245
4.26
4.26
4.24
4.245
4.22
4.1975
4.2025
4.2175
4.19
4.185
4.1375
4.1425
4.1575
4.1425
4.1775
4.2025
4.18
4.195
4.2
4.2225
4.22
4.235
4.21
4.2475
4.2525
4.2675
4.3075
4.335
4.305
4.2975
4.3325
4.3375
4.365
4.34
4.3725
4.375
4.3925
4.395
4.3975
4.405
4.3475
4.3625
4.38
4.3925
4.3825
4.42
4.435
4.4525
4.465
4.44
4.4575
4.485
4.5075
4.5225
4.5
4.47
4.46
4.4575
4.485
4.45
4.45
4.455
4.4075
4.395
4.415
4.3925
4.3925
4.4125
4.3825
4.355
4.3325
4.32
4.2875
4.3
4.285
4.26
4.275
4.27
4.295
4.29
4.2825
4.2575
4.2375
4.2575
4.2875
4.2725
4.3025
4.31
4.295
4.3175
4.305
4.2975
4.305
4.2775
4.31
4.3025
4.3175
4.32
4.29
4.2875
4.2725
4.2725
4.2425
4.2425
4.2775
4.2875
4.2825
4.2925
4.3075
4.3275
4.3375
4.325
4.315
4.29
4.29
4.2475
4.22
4.18
4.18
4.16
4.19
4.19
4.2025
4.215
4.23
4.2425
4.225
4.2175
4.24
4.2325
4.24
4.2175
4.215
4.21
4.235
4.24
4.2325
4.245
4.2575
4.275
4.2625
4.2625
4.2775
4.2775
4.2475
4.27
4.2375
4.2475
4.275
4.295
4.3
4.2825
4.3025
4.2575
4.23
4.255
4.25
4.245
4.2275
4.21
4.215
4.1875
4.2075
4.1725
4.195
4.1775
4.1425
4.16
4.175
4.1725
4.13
4.1525
4.155
4.175
4.1775
4.205
4.19
4.1525
4.1475
4.145
4.1475
4.16
4.17
4.185
4.2175
4.25
4.22
4.2075
4.22
4.225
4.25
4.265
4.2575
4.275
4.24
4.2475
4.21
4.195
4.17
4.16
4.145
4.14
4.1825
4.19
4.2025
4.2
4.205
4.19
4.22
4.235
4.2125
4.175
4.175
4.18
4.1625
4.1525
4.165
4.1625
4.185
4.1775
4.1875
4.2
4.22
4.21
4.2125
4.2225
4.265
4.2825
4.2625
4.2625
4.2775
4.3
4.28
4.32
4.36
4.3475
4.365
4.345
4.31
4.28
4.265
4.2625
4.245
4.2475
4.225
4.23
4.245
4.2775
4.3075
4.3225
4.3375
4.3675
4.3425
4.3525
4.375
4.35
4.3375
4.3175
4.3175
4.3525
4.3375
4.32
4.3175
4.3375
4.33
4.35
4.315
4.3375
4.32
4.31
4.315
4.2825
4.265
4.2425
4.2625
4.25
4.28
4.2875
4.305
4.325
4.3225
4.29
4.275
4.2775
4.29
4.2875
4.2825
4.2975
4.315
4.2825
4.2525
4.255
4.2325
4.21
4.1675
4.18
4.1575
4.1825
4.18
4.195
4.22
4.2475
4.24
4.255
4.2675
4.2725
4.3025
4.285
4.275
4.245
4.2225
4.215
4.165
4.1875
4.175
4.15
4.125
4.165
4.165
4.16
4.185
4.16
4.165
4.145
4.1425
4.15
4.15
4.115
4.11
4.085
4.11
4.08
4.09
4.0725
4.0975
4.1
4.145
4.1625
4.1525
4.12
4.1425
4.1525
4.1425
4.1425
4.115
4.125
4.1
4.1125
4.115
4.105
4.12
4.14
4.1175
4.1375
4.15
4.1525
4.18
4.165
4.1425
4.115
4.1225
4.0975
4.0925
4.0925
4.0925
4.06
4.045
4.05
4.08
4.0725
4.0825
4.11
4.1275
4.1275
4.1425
4.1325
4.135
4.1625
4.165
4.1725
4.155
4.145
4.145
4.1425
4.1525
4.1725
4.155
4.1625
4.175
4.14
4.1625
4.1775
4.19
4.18
4.1925
4.1925
4.1925
4.215
4.235
