4.3025
4.29
4.2775
4.29
4.305
4.33
4.335
4.325
4.3325
4.3575
4.325
4.295
4.3275
4.345
4.3275
4.3175
4.325
4.34
4.3525
4.3225
4.335
4.3
4.32
4.32
4.335
4.3325
4.375
4.3975
4.4025
4.4075
4.4175
4.4275
4.45
4.435
4.42
4.415
4.375
4.3875
4.3925
4.4025
4.41
4.4
4.4
4.41
4.4025
4.4
4.3625
4.35
4.3425
4.365
4.345
4.3225
4.29
4.29
4.2825
4.255
4.275
4.2925
4.3025
4.3025
4.3025
4.3075
4.31
4.2775
4.2625
4.245
4.25
4.2725
4.25
4.21
4.235
4.2675
4.2225
4.1775
4.19
4.2225
4.2325
4.21
4.21
4.225
4.2025
4.2175
4.2225
4.2275
4.24
4.215
4.1825
4.185
4.165
4.175
4.1975
4.1975
4.195
4.205
4.22
4.2375
4.24
4.265
4.2875
4.235
4.25
4.29
4.2925
4.3225
4.3275
4.3425
4.3175
4.35
4.3325
4.3225
4.28
4.295
4.295
4.2975
4.2825
4.3075
4.2825
4.2675
4.2275
4.185
4.2
4.2225
4.215
4.1725
4.16
4.1325
4.1425
4.1425
4.1675
4.1575
4.1525
4.13
4.1
4.13
4.11
4.125
4.15
4.1325
4.155
4.1125
4.1225
4.11
4.0775
4.08
4.0375
4.0325
4.005
3.9975
4.0025
4.0325
4.0325
3.9925
4.01
4.0075
4.04
4.04
4.0125
4.0025
4.0425
4.0525
4.0625
4.0525
4.0325
4.025
4.005
3.99
3.95
3.935
3.9525
3.96
3.9425
3.955
3.9625
3.975
3.9775
3.9525
3.9375
3.9225
3.915
3.925
3.88
3.895
3.875
3.8525
3.84
3.8225
3.815
3.795
3.7975
3.7825
3.7725
3.775
3.7875
3.795
3.81
3.78
3.8175
3.8275
3.81
3.79
3.81
3.81
3.785
3.7725
3.7325
3.7425
3.7425
3.7525
3.74
3.7425
3.78
3.785
3.77
3.7575
3.74
3.73
3.74
3.7675
3.74
3.7475
3.75
3.755
3.7775
3.7525
3.755
3.725
3.745
3.7425
3.7625
3.7525
3.755
3.7375
3.7275
3.7375
3.7325
3.75
3.755
3.765
3.7425
3.7575
3.735
3.73
3.7125
3.715
3.6925
3.725
3.735
3.7225
3.725
3.6975
3.71
3.72
3.735
3.7125
3.6775
3.7025
3.71
3.725
3.715
3.7225
3.7025
3.6725
3.6825
3.645
3.625
3.655
3.6325
3.665
3.6525
3.6
3.61
3.6425
3.6275
3.625
3.6575
3.635
3.635
3.63
3.6375
3.6525
3.6575
3.665
3.6575
3.68
3.695
3.69
3.685
3.7175
3.725
3.7575
3.775
3.775
3.8025
3.7925
3.7925
3.7925
3.7675
3.785
3.785
3.7925
3.7825
3.7425
3.7475
3.77
3.7975
3.7625
3.74
3.755
3.735
3.73
3.7275
3.7275
3.7125
3.7275
3.715
3.72
3.6975
3.69
3.6875
3.6875
3.7175
3.75
3.7725
3.7475
3.775
3.755
3.755
3.7675
3.7875
3.765
3.7675
3.8
3.8325
3.81
3.8275
3.8575
3.8575
3.8125
3.7925
3.77
3.7925
3.8075
3.8075
3.815
3.8025
3.7825
3.75
3.7525
3.7275
3.76
3.77
3.76
3.78
3.7575
3.7525
3.725
3.735
3.765
3.785
3.8025
3.8175
3.795
3.7975
3.7825
3.7925
3.7475
3.735
3.715
3.73
3.715
3.7425
3.735
3.75
3.755
3.725
3.735
3.725
3.75
3.745
3.7275
3.7075
3.6975
3.7175
3.695
3.7125
3.6775
3.6925
3.65
3.66
3.69
3.7275
3.745
3.75
3.7575
3.7525
3.77
3.7925
3.7975
3.805
3.7975
3.83
3.8325
3.8425
3.8675
3.8125
3.82
3.8475
3.83
3.825
3.8025
3.775
3.7775
3.7875
3.8125
3.82
3.83
3.845
3.865
3.88
3.8875
3.875
3.8675
3.89
3.9025
3.8775
3.89
3.8725
3.85
3.82
3.8275
3.8225
3.7925
3.8125
3.8175
3.8375
3.79
3.7725
3.785
3.835
3.8225
3.845
3.8125
3.8325
3.81
3.795
3.765
3.7525
3.775
3.745
3.7625
3.74
3.7575
3.7625
3.7725
3.7775
3.7925
3.76
3.745
3.73
3.7275
3.6825
3.675
3.6975
3.7125
3.7175
3.7325
3.7275
3.7375
3.7225
3.7225
3.72
3.73
3.7375
3.7275
3.7225
3.6875
3.7125
3.7375
3.7425
3.7075
3.7275
3.7275
3.73
3.7325
3.7075
3.7075
3.6875
3.7
3.67
3.6475
3.61
3.635
3.65
3.615
3.6425
3.61
3.625
3.5975
3.5925
3.61
3.61
3.645
3.635
3.6575
3.6275
3.595
3.625
3.625
3.6475
3.6425
3.6225
3.63
3.6175
3.61
3.6125
3.605
3.5775
3.6175
3.6175
3.61
3.5825
3.5525
3.525
3.555
3.56
3.565
3.56
3.53
3.525
3.5575
3.5325
3.53
3.55
3.55
3.5625
3.54
3.5575
3.5825
3.5475
3.515
3.505
3.5225
3.5475
3.56
3.5625
3.58
3.585
3.565
3.565
3.5975
3.5975
3.56
3.5825
3.54
3.5625
3.615
3.5825
3.6
3.6075
3.5775
3.59
3.575
3.5725
3.5825
3.5775
3.57
3.56
3.5725
3.575
3.585
3.6025
3.62
3.645
3.6625
3.6725
3.65
3.665
3.68
3.6925
3.6925
3.69
3.71
3.7325
3.75
3.74
3.7675
3.7475
3.7575
3.7475
3.7675
3.7475
3.725
3.6925
3.7225
3.735
3.73
3.73
3.705
3.665
3.675
3.705
3.735
3.7525
3.775
3.785
3.7925
3.765
3.78
3.8025
3.82
3.85
3.865
3.8575
3.8925
3.8825
3.8975
3.9025
3.8825
3.8925
3.885
3.8925
3.91
3.915
3.93
3.91
3.9125
3.925
3.9175
3.9375
3.9225
3.9425
3.96
3.92
3.9075
3.9375
3.965
3.9675
3.96
3.95
3.96
3.9475
3.935
3.93
3.9125
3.93
3.9125
3.9225
3.92
3.9225
3.935
3.915
3.88
3.8975
3.8725
3.87
3.8925
3.8425
3.8575
3.855
3.825
3.825
3.795
3.77
3.75
3.7875
3.8
3.825
3.8175
3.83
3.81
3.825
3.84
3.845
3.8275
3.81
3.7925
3.7825
3.7975
3.8025
3.8325
3.805
3.7625
3.7825
3.775
3.805
3.8125
3.8325
3.805
3.825
3.8325
3.815
3.8025
3.7775
3.785
3.7975
3.79
3.805
3.78
3.785
3.7775
3.775
3.7525
3.755
3.745
3.7125
3.6925
3.6575
3.695
3.7
3.6975
3.7075
3.6825
3.695
3.705
3.7075
3.7125
3.68
3.66
3.6275
3.655
3.655
3.68
3.68
3.685
3.7175
3.7275
3.7525
3.78
3.81
3.8375
3.8475
3.86
3.86
3.815
3.82
3.815
3.8275
3.855
3.8875
3.855
3.8675
3.8775
3.8675
3.85
3.82
3.8475
3.83
3.82
3.81
3.8025
3.7725
3.77
3.7575
3.7425
3.755
3.7675
3.7425
3.75
3.7525
3.7625
3.77
3.735
3.755
3.725
3.73
3.71
3.6925
3.7125
3.6975
3.6975
3.6875
3.6575
3.675
3.6925
3.6925
3.6775
3.7
3.695
3.6775
3.6975
3.6975
3.7025
3.68
3.695
3.71
3.7275
3.7475
3.7625
3.7825
3.79
3.8075
3.8025
3.79
3.775
3.7975
3.7875
3.81
3.785
3.79
3.7575
3.725
3.74
3.7175
3.725
3.7325
3.7275
3.6875
3.7025
3.68
3.665
3.6325
3.625
3.635
3.6425
3.65
3.66
3.665
3.665
3.6475
3.645
3.65
3.63
3.6525
3.6675
3.6775
3.6275
3.6075
3.61
3.625
3.6125
3.6275
3.645
3.645
3.6425
3.6675
3.6275
3.6125
3.575
3.5825
3.5825
3.57
3.59
3.5825
3.605
3.595
3.6125
3.6425
3.625
3.655
3.6675
3.6775
3.7025
3.705
3.6825
3.695
3.715
3.7525
3.7575
3.76
3.755
3.775
3.7775
3.8075
3.8
3.765
3.7675
3.745
3.7425
3.7525
3.7375
3.705
3.7075
3.6775
3.67
3.645
3.65
3.6125
3.635
3.62
3.575
3.5725
3.605
3.6075
3.62
3.6025
3.645
3.6625
3.6425
3.645
3.68
3.69
3.7175
3.7125
3.68
3.71
3.7125
3.725
3.7175
3.73
3.74
3.6975
3.69
3.7075
3.69
3.7225
3.735
3.735
3.7475
3.79
3.77
3.79
3.795
3.8125
3.84
3.8425
3.8825
3.85
3.83
3.8375
3.865
3.875
3.9125
3.8775
3.87
3.865
3.87
3.9
3.875
3.8675
3.8925
3.8675
3.855
3.8575
3.89
3.93
3.935
3.905
3.9025
3.885
3.865
3.87
3.8625
3.845
3.8475
3.8775
3.8975
3.8725
3.8675
3.845
3.84
3.8325
3.8325
3.8425
3.8225
3.7875
3.795
3.81
3.8275
3.805
3.8125
3.8275
3.8075
3.8175
3.835
3.855
3.8725
3.8575
3.835
3.85
3.8675
3.9025
3.9275
3.95
3.94
3.96
3.98
4.015
4.035
4.0525
4.0575
4.0625
4.0425
4.02
4.02
4.055
4.085
4.055
4.08
4.085
4.045
4.0275
4.0275
4.0425
4.06
4.04
4.0625
4.07
4.0675
4.0775
4.0525
4.065
4.085
4.0575
4.065
4.0825
4.0875
4.06
4.065
4.09
4.1125
4.0975
4.125
4.105
4.13
4.1525
4.14
4.105
4.12
4.1075
4.1
4.08
4.07
4.0475
4.0125
3.9875
3.9975
3.965
3.9575
3.9575
3.9375
3.9275
3.9425
3.915
3.8825
3.8625
3.855
3.8825
3.89
3.895
3.8975
3.89
3.8675
3.8775
3.85
3.825
3.8125
3.84
3.83
3.8075
3.815
3.82
3.8175
3.815
3.835
3.815
3.7825
3.805
3.795
3.8225
3.8425
3.8425
3.815
3.795
3.795
3.785
3.805
3.815
3.82
3.8525
3.87
3.8625
3.865
3.8825
3.89
3.915
3.9075
3.9225
3.9
3.9325
3.955
3.9725
3.9825
3.965
3.965
3.99
4.0075
4.0
3.9975
3.9975
3.9975
3.99
4.005
4.0075
4.0075
4.015
4.0125
4.0125
4.04
4.0425
4.02
4.01
4.0125
4.005
4.0125
3.9875
4.0225
4.0475
4.0475
4.0125
3.9975
4.01
4.01
4.025
4.015
3.9875
3.955
3.925
3.9125
3.9
3.895
3.865
3.845
3.8675
3.88
3.8875
3.925
3.9475
3.9575
3.965
3.985
4.0075
4.0225
4.0375
4.0675
4.0525
4.045
4.0575
4.075
4.055
4.075
4.035
4.0425
4.035
4.0625
4.0475
4.0275
4.05
4.0375
4.0425
4.025
4.0475
4.0425
4.045
4.0725
4.0875
4.085
4.09
4.0925
4.1125
4.095
4.115
4.0825
4.1175
4.08
4.1075
4.1325
4.1525
4.165
4.1225
4.0725
4.11
4.09
4.065
4.0925
4.105
4.13
4.13
4.1475
4.125
4.1575
4.1375
4.1475
4.13
4.125
4.14
4.1425
4.135
4.1275
4.135
4.115
4.115
4.105
4.1075
4.0975
4.1125
4.13
4.095
4.0675
4.065
4.0475
4.07
4.0475
4.05
4.03
4.025
4.05
4.0475
4.0525
4.0625
4.06
4.065
4.07
4.1
4.12
4.13
4.14
4.1525
4.1625
4.1475
4.1375
4.1725
4.18
4.2175
4.225
4.235
4.24
4.24
4.2
4.1975
4.2
4.225
4.245
4.2775
4.255
4.28
4.2575
4.2725
4.2625
4.2875
4.26
4.235
4.22
4.205
4.2125
4.2125
4.2125
4.1875
4.2
4.205
4.1875
4.16
4.1775
4.18
4.2
4.2125
4.2325
4.24
4.245
4.2325
4.25
4.275
4.2825
4.2625
4.255
4.255
4.2175
4.2525
4.2375
4.185
4.165
4.1725
4.1725
4.18
4.155
4.175
4.2075
4.19
4.1625
4.1475
4.1325
4.1325
4.1625
4.18
4.175
4.195
4.21
4.1875
4.1775
4.1275
4.0925
4.0775
4.075
4.08
4.095
4.0975
4.1275
4.1225
4.1
4.1275
4.1025
4.09
4.065
4.06
4.06
4.07
4.0475
3.9925
3.985
3.9875
3.9625
3.9925
3.9975
4.0025
4.0075
3.985
3.97
3.9925
3.9775
3.955
3.9275
3.905
3.9
3.9075
3.9225
3.95
3.9175
3.9325
3.945
3.955
3.9675
3.9275
3.91
3.9325
3.96
3.96
3.9525
3.9575
3.98
3.98
3.995
3.9975
4.035
4.0625
4.095
4.1025
4.1
4.075
4.1125
4.135
4.0925
4.0925
4.0925
4.0975
4.0975
4.0875
4.08
4.075
4.05
4.065
4.06
4.0975
4.145
4.175
4.195
4.215
4.1875
4.19
4.155
4.15
4.1075
4.11
4.1075
4.1175
4.14
4.1575
4.1725
4.1525
4.1825
4.1675
4.165
4.175
4.14
4.1425
4.13
4.1575
4.1675
4.1475
4.1325
4.12
4.1275
4.1425
4.14
4.1725
4.2025
4.1725
4.1725
4.1625
4.1575
4.15
4.1775
4.16
4.1625
4.175
4.175
4.19
4.185
4.1925
4.21
4.2425
4.22
4.2
4.2125
4.215
4.19
4.1725
4.1725
4.1775
4.1825
4.1875
4.1725
4.1575
4.175
4.1375
4.145
4.1475
4.125
4.14
4.1
4.075
4.09
4.0975
4.0825
4.085
4.07
4.085
4.115
4.1275
4.16
4.1625
4.145
4.135
4.1625
4.12
4.145
4.155
4.135
4.115
4.125
4.105
4.075
4.115
4.115
4.155
4.165
4.1675
4.175
4.1875
4.1825
4.1525
4.1625
4.185
4.1925
4.18
4.2075
4.1875
4.22
4.235
4.2025
4.205
4.2025
4.1725
4.17
4.1675
4.1625
4.175
4.145
4.16
4.1725
4.1875
4.16
4.145
4.1375
4.175
4.1825
4.21
4.2175
4.21
4.22
4.195
4.2075
4.2225
4.2525
4.225
4.2175
4.2375
4.225
4.2475
4.2475
4.2475
4.265
4.285
4.3175
4.32
4.2775
4.2375
4.2725
4.25
4.21
4.2125
4.23
4.215
4.21
4.21
4.2175
4.245
4.2725
4.305
4.315
4.3125
4.3275
4.3025
4.3025
4.32
4.3375
4.315
4.28
4.2725
4.22
4.1975
4.1825
4.15
4.1325
4.1475
4.1625
4.15
4.1225
4.115
4.0925
4.0625
4.0925
4.0775
4.095
4.1075
4.1225
4.0975
4.115
4.1275
4.155
4.17
4.1775
4.1775
4.1675
4.1625
4.15
4.165
4.195
4.2025
4.1875
4.18
4.2
4.2075
4.19
4.195
4.19
4.1925
4.195
4.1625
4.175
4.1525
4.1575
4.1675
4.16
4.1375
4.1525
4.16
4.1925
4.21
4.1975
4.155
4.155
4.1675
4.1675
4.155
4.16
4.1675
4.2
4.2075
4.1775
4.1575
4.1775
4.175
4.175
4.2
4.205
4.235
4.2525
4.2825
4.2825
4.2975
4.28
4.25
4.255
4.22
4.2225
4.2175
4.235
4.21
4.24
4.215
4.2175
4.2175
4.24
4.2025
4.165
4.1375
4.1575
4.17
4.1925
4.17
4.16
4.155
4.185
4.195
4.1975
4.1725
4.205
4.22
4.235
4.225
4.2
4.165
4.1275
4.105
4.07
4.08
4.0675
4.08
4.1025
4.1
4.1
4.135
4.115
4.0975
4.11
4.1225
4.1
4.075
4.05
4.0325
4.0475
4.05
4.025
3.995
4.005
4.02
4.0425
4.045
4.0725
4.085
4.115
4.09
4.0575
4.08
4.0775
4.0775
4.0975
4.0775
4.0475
4.0175
4.05
4.0075
4.04
4.0225
4.0525
4.0575
4.07
4.08
4.07
4.0725
4.08
4.09
4.0925
4.09
4.0625
4.0325
4.015
4.0225
3.99
3.9875
3.9825
4.0
4.02
4.0
4.0375
4.055
4.0575
4.0425
4.0325
4.02
3.995
3.99
4.02
4.025
4.0425
4.0775
4.0775
4.0775
4.0625
4.025
4.0475
4.055
4.0775
4.0425
4.0525
4.03
4.03
4.045
4.0425
4.045
4.0125
4.025
4.0075
3.995
4.01
4.0175
4.035
4.0125
4.0425
4.0575
4.055
4.04
4.0175
4.03
4.055
4.0225
4.07
4.08
4.08
4.06
4.0625
4.0925
4.1275
4.1475
4.1775
4.1975
4.17
4.1425
4.1475
4.15
4.165
4.1125
4.135
4.1025
4.1175
4.11
4.12
4.1325
4.0875
4.095
4.0625
4.0275
4.04
4.06
4.035
4.0175
4.0025
3.99
3.995
4.0
4.0175
4.0175
4.0375
4.015
4.0425
4.0475
4.0725
4.0575
4.0525
4.035
4.025
3.9975
3.95
3.935
3.935
3.95
3.94
3.965
3.9575
3.92
3.9175
3.9225
3.91
3.8875
3.8925
3.9375
3.965
3.945
3.95
3.95
3.9525
3.965
3.9725
3.96
3.99
4.01
3.9925
4.0
4.0325
4.06
4.0425
4.0375
4.05
4.0725
4.0975
4.105
4.1275
4.155
4.1425
4.1175
4.1425
4.15
4.155
4.1825
4.1925
4.1575
4.1525
4.175
4.17
4.18
4.145
4.1175
4.1225
4.11
4.105
4.1
4.0725
4.0725
4.0825
4.0525
4.05
4.065
4.0875
4.1125
4.11
4.085
4.0625
4.0325
4.05
4.0575
4.0475
4.06
4.0675
4.0725
4.06
4.0575
4.06
4.0725
4.0675
4.0625
4.075
4.08
4.07
4.0825
4.08
4.0675
4.045
4.05
4.05
4.0725
4.0975
4.1225
4.13
4.1575
4.12
4.145
4.15
4.135
4.1375
4.1475
4.1225
4.1125
4.1025
4.1275
4.1325
4.115
4.1075
4.0875
4.075
4.085
4.0925
4.1025
4.1275
4.08
4.1025
4.135
4.1575
4.13
4.12
4.145
4.1325
4.0925
4.0625
4.0675
4.0425
4.0325
4.015
4.0025
4.0175
3.995
3.9775
3.965
4.0075
4.0125
3.9775
3.9825
3.9775
3.99
4.025
4.0525
4.05
4.005
3.9825
3.985
3.9775
4.005
4.0425
4.06
4.0675
4.0875
4.0875
4.115
4.1425
4.13
4.12
4.1275
4.145
4.1225
4.09
4.075
4.0675
4.1075
4.07
4.1125
4.115
4.12
4.1075
4.125
4.1425
4.15
4.175
4.195
4.1575
4.1625
4.1875
4.1875
4.205
4.225
4.2475
4.22
4.2
4.19
4.195
4.165
4.125
4.13
4.1425
4.12
4.1175
4.095
4.085
4.0775
4.105
4.0775
4.1125
4.13
4.1375
4.1475
4.1725
4.175
4.2
4.2325
4.2025
4.23
4.225
4.24
4.215
4.2475
4.26
4.2475
4.2775
4.305
4.3225
4.3325
4.29
4.2775
4.2825
4.2925
4.33
4.325
4.3625
4.335
4.3475
4.37
4.3875
4.4225
4.405
4.415
4.4275
4.3975
4.4175
4.3925
4.35
4.35
4.3225
4.335
4.3075
4.3275
4.3475
4.35
4.3525
4.335
4.3775
4.3625
4.365
4.38
4.3475
4.3575
4.365
4.3675
4.36
4.34
4.335
4.3
4.32
4.3325
4.3475
4.3225
4.3175
4.2875
4.2975
4.315
4.29
4.2725
4.2575
4.2625
4.2825
4.2725
4.275
4.28
4.29
4.3
4.29
4.305
4.2825
4.3075
4.2775
4.275
4.2675
4.27
4.305
4.33
4.3575
4.3525
4.3575
4.3875
4.405
4.38
4.3525
4.3225
4.3325
4.2925
4.3175
4.36
4.32
4.3325
4.3075
4.275
4.2575
4.2775
4.2525
4.2525
4.255
4.24
4.2125
4.2125
4.185
4.175
4.2025
4.1975
4.2075
4.2175
4.255
4.2825
4.25
4.2675
4.2725
4.2825
4.2775
4.295
4.2925
4.305
4.3125
4.3075
4.3
4.3075
4.2675
4.2675
4.235
4.1975
4.2275
4.2575
4.2575
4.24
4.2325
4.2425
4.215
4.2225
4.2525
4.2425
4.24
4.205
4.215
4.25
4.2425
4.22
4.2275
4.2225
4.2275
4.21
4.22
4.2075
4.2175
4.1925
4.1675
4.1725
4.1525
4.15
4.12
4.1625
4.195
4.205
4.175
4.155
4.135
4.1425
4.115
4.1325
4.1475
4.155
4.1725
4.1525
4.1575
4.1475
4.1225
4.0925
4.1
4.0775
4.0775
4.0725
4.07
4.0825
4.0625
4.0375
4.0475
4.03
4.0325
4.0225
4.0325
4.0375
4.055
4.04
4.04
4.0275
4.005
4.0125
4.0175
4.0275
4.01
4.005
4.0225
4.02
4.015
4.005
3.9925
3.985
3.9925
4.0275
4.0175
4.0325
4.04
4.06
4.05
4.065
4.0875
4.1075
4.1
4.0875
4.0775
4.085
4.0725
4.0275
4.0075
4.01
4.0225
3.9975
3.9825
3.965
3.975
3.9825
3.995
3.99
3.99
3.9525
3.95
3.935
3.94
3.955
3.915
3.8975
3.885
3.8975
3.91
3.915
3.9275
3.9275
3.9
3.9025
3.895
3.8975
3.91
3.915
3.91
3.8875
3.9175
3.915
3.9175
3.9325
3.9525
3.965
3.9875
3.9675
3.9975
3.975
3.985
3.9825
3.97
3.9925
3.9925
3.9775
3.9925
4.0075
4.0075
4.0175
4.0375
4.0575
4.0625
4.075
4.035
4.0425
4.025
4.025
4.0425
4.045
4.0475
4.0675
4.0625
4.0675
4.0525
4.025
4.0425
4.0675
4.0725
4.09
4.1225
4.1025
4.12
4.12
4.1425
4.165
4.1625
4.2
4.175
4.195
4.2025
4.2425
4.235
4.2125
4.2125
4.1825
4.17
4.1675
4.19
4.175
4.1825
4.1775
4.195
4.195
4.1825
4.165
4.2
4.2125
4.2075
4.2275
4.235
4.2175
4.225
4.225
4.21
4.23
4.26
4.27
4.2825
4.3125
4.3425
4.335
4.3675
4.3925
4.4125
4.435
4.41
4.41
4.41
4.43
4.46
4.475
4.495
4.4725
4.44
4.4175
4.43
4.45
4.47
4.4625
4.4525
4.465
4.4925
4.4725
4.49
4.49
4.4675
4.49
4.4625
4.4525
4.4625
4.44
4.48
4.48
4.4825
4.495
4.495
4.495
4.4775
4.5025
4.49
4.5075
4.515
4.5475
4.5625
4.5675
4.55
4.5125
4.5275
4.53
4.545
4.5775
4.5475
4.565
4.565
4.525
4.5375
4.545
4.515
4.5325
4.5425
4.5525
4.57
4.545
4.5625
4.57
4.575
4.575
4.5875
4.575
4.595
4.605
4.5625
4.57
4.57
4.5475
4.525
4.5425
4.55
4.5325
4.5525
4.5225
4.5275
4.52
4.51
4.5225
4.555
4.5775
4.585
4.605
4.62
4.5875
4.555
4.5625
4.565
4.5925
4.6125
4.6375
4.63
4.6525
4.6525
4.62
4.6125
4.5775
4.5825
4.6025
4.565
4.5475
4.555
4.5775
4.5725
4.5675
4.53
4.4925
4.48
4.4625
4.4975
4.5325
4.5525
4.5675
4.545
4.5325
4.51
4.48
4.5125
4.5225
4.545
4.525
4.55
4.535
4.5275
4.54
4.51
4.5075
4.48
4.4625
4.465
4.48
4.5075
4.5275
4.5025
4.52
4.535
4.515
4.505
4.4975
4.485
4.4825
4.505
4.5
4.4875
4.475
4.4775
4.4675
4.485
4.4775
4.4725
4.485
4.48
4.495
4.5075
4.52
4.53
4.51
4.485
4.475
4.51
4.4675
4.4675
4.46
4.4825
4.4875
4.4525
4.4225
4.385
4.385
4.3625
4.3625
4.3775
4.3925
4.3925
4.3975
4.4125
4.4175
4.4225
4.4325
4.435
4.4375
4.4375
4.455
4.425
4.4375
4.425
4.46
4.4475
4.425
4.415
4.435
4.4625
4.4275
4.3825
4.41
4.38
4.3775
4.3925
4.4075
4.39
4.4
4.4225
4.4225
4.4125
4.385
4.3925
4.41
4.435
4.445
4.4075
4.4125
4.42
4.4225
4.4275
4.435
4.425
4.42
4.4225
4.4225
4.44
4.47
4.48
4.4625
4.4775
4.4975
4.51
4.4675
4.4775
4.4775
4.485
4.4675
4.4875
4.475
4.4525
4.45
4.4275
4.39
4.39
4.4275
4.46
4.4825
4.5025
4.47
4.495
4.5075
4.51
4.4825
4.4575
4.485
4.5075
4.4775
4.4925
4.5175
4.5225
4.515
4.525
4.495
4.5275
4.535
4.5
4.52
4.5375
4.5775
4.565
4.535
4.5125
4.4925
4.5075
4.515
4.5125
4.5
4.4875
4.5125
4.54
4.525
4.5025
4.51
4.4925
4.485
4.495
4.4525
4.445
4.45
4.455
4.485
4.48
4.4475
4.4675
4.43
4.4025
4.4375
4.47
4.4625
4.4325
4.4325
4.4075
4.415
4.42
4.3875
4.3725
4.39
4.425
4.4475
4.43
4.41
4.4575
4.4725
4.465
4.48
4.4475
4.425
4.4525
4.4525
4.4175
4.4425
4.435
4.41
4.3725
4.3425
4.3225
4.3025
4.2575
4.2975
4.32
4.3475
4.3275
4.3425
4.355
4.3475
4.32
4.3275
4.295
4.305
4.3
4.3025
4.335
4.345
4.345
4.3425
4.3325
4.3575
4.34
4.2875
4.2775
4.285
4.2775
4.2825
4.26
4.2625
4.26
4.25
4.2775
4.2775
4.26
4.2775
4.23
4.2325
4.26
4.235
4.2225
4.2275
4.2425
4.255
4.2775
4.2925
4.295
4.28
4.245
4.2525
4.27
4.2925
4.265
4.22
4.25
4.26
4.2425
4.2475
4.255
4.265
4.275
4.3
4.315
4.28
4.2525
4.2725
4.26
4.2625
4.2425
4.2575
4.2525
4.2275
4.225
4.23
4.225
4.205
4.2025
4.215
4.23
4.2025
4.1825
4.19
4.2175
4.2275
4.21
4.22
4.2225
4.2275
4.215
4.215
4.225
4.2275
4.22
4.225
4.225
4.235
4.225
4.2175
4.19
4.1675
4.185
4.16
4.1525
4.1725
4.155
4.1425
4.1475
4.16
4.1375
4.15
4.1725
4.1475
4.1525
4.16
4.1675
4.145
4.145
4.1425
4.155
4.1575
4.1525
4.14
4.145
4.14
4.155
4.1675
4.2025
4.2025
4.2275
4.195
4.155
4.1575
4.1825
4.175
4.1375
4.165
4.175
4.195
4.19
4.15
4.165
4.19
4.19
4.2
4.205
4.2125
4.19
4.22
4.2425
4.2025
4.215
4.1975
4.15
4.155
4.175
4.1775
4.2
4.215
4.2375
4.2575
4.2575
4.275
4.3125
4.325
4.3325
4.3025
4.3325
4.3525
4.36
4.365
4.3725
4.38
4.3375
4.315
4.35
4.3675
4.3675
4.3325
4.3525
4.3325
4.3325
4.3275
4.355
4.375
4.375
4.4
4.3825
4.39
4.3925
4.4175
4.43
4.405
4.385
4.415
4.3825
4.36
4.3875
4.35
4.3325
4.35
4.3275
4.305
4.3225
4.29
4.3125
4.35
4.375
4.3875
4.38
4.3775
4.355
4.37
4.3375
4.3225
4.3075
4.3225
4.3025
4.3225
4.315
4.31
4.3125
4.3075
4.31
4.28
4.2775
4.3075
4.315
4.34
4.34
4.3125
4.315
4.3275
4.3525
4.3525
4.355
4.415
4.405
4.395
4.385
4.395
4.4025
4.395
4.375
4.34
4.3625
4.3525
4.37
4.3375
4.315
4.3325
4.345
4.3275
4.33
4.3425
4.375
4.3525
4.335
4.335
4.3175
4.295
4.3025
4.2875
4.2925
4.3175
4.335
4.315
4.3525
4.345
4.35
4.3375
4.3225
4.325
4.34
4.3525
4.3525
4.3625
4.32
4.2975
4.2825
4.3075
4.32
4.3375
4.345
4.35
4.355
4.3475
4.365
4.34
4.3025
4.2875
4.295
4.2975
4.3075
4.2775
4.2975
4.2825
4.2575
4.2575
4.2425
4.215
4.235
4.24
4.2375
4.2275
4.2575
4.2775
4.28
4.295
4.3175
4.3025
4.3375
4.355
4.3775
4.36
4.355
4.3675
4.355
4.3675
4.335
4.3325
4.2925
4.29
4.2975
4.3
4.315
4.2975
4.295
4.2875
4.2875
4.2925
4.2625
4.2175
4.2475
4.265
4.2375
4.21
4.225
4.195
4.185
4.1825
4.155
4.1425
4.1425
4.115
4.115
4.125
4.1025
4.085
4.0975
4.1075
4.145
4.13
4.1375
4.14
4.1375
4.145
4.1525
4.1325
4.125
4.155
4.165
4.14
4.1175
4.1425
4.1475
4.15
4.18
4.1625
4.18
4.1525
4.145
4.1225
4.1325
4.1425
4.1425
4.11
4.0975
4.0775
4.1075
4.135
4.145
4.17
4.1925
4.1575
4.1675
4.1675
4.1725
4.1875
4.1975
4.18
4.1725
4.2
4.19
4.2025
4.235
4.2
4.215
4.2375
4.2625
4.2825
4.325
4.34
4.36
4.36
4.38
4.3725
4.3725
4.3625
4.34
4.3275
4.2975
4.33
4.34
4.3075
4.3175
4.305
4.3175
4.325
4.3275
4.3275
4.345
4.3475
4.365
4.395
4.42
4.41
4.425
4.415
4.39
4.41
4.3775
4.405
4.4125
4.415
4.3875
4.3975
4.415
4.3975
4.385
4.385
4.3975
4.3675
4.34
4.345
4.315
4.29
4.2875
4.265
4.2325
4.195
4.2175
4.235
4.22
4.2325
4.2575
4.2675
4.2725
4.2975
4.3125
4.3025
4.325
4.29
4.305
4.285
4.275
4.2425
4.225
4.2475
4.2525
4.2275
4.25
4.2575
4.29
4.29
4.2675
4.2875
4.2975
4.3125
4.3275
4.3375
4.34
4.355
4.3375
4.335
4.3
4.28
4.295
4.32
4.3275
4.305
4.3225
4.295
4.32
4.33
4.3475
4.3575
4.3325
4.37
4.365
4.335
4.3075
4.2975
4.3225
4.3325
4.3425
4.34
4.3075
4.3
4.2925
4.275
4.2775
4.29
4.25
4.2625
4.2325
4.2125
4.185
4.1825
4.1975
4.2025
4.2225
4.2475
4.2475
4.2475
4.235
4.275
4.2775
4.2875
4.28
4.2625
4.2525
4.27
4.3
4.3175
4.315
4.3325
4.3425
4.3675
4.38
4.3525
4.365
4.3225
4.29
4.2575
4.2425
4.225
4.2175
4.225
4.235
4.2425
4.2575
4.2425
4.2225
4.2025
4.1775
4.18
4.1975
4.2075
4.22
4.24
4.2475
4.235
4.2125
4.2075
4.2225
4.2325
4.2425
4.26
4.2375
4.195
4.2175
4.2275
4.255
4.23
4.2625
4.2875
4.2575
4.25
4.28
4.285
4.25
4.2625
4.27
4.2975
4.3075
4.285
4.3
4.3
4.32
4.325
4.35
4.3475
4.3175
4.32
4.315
4.29
4.295
4.265
4.235
4.2225
4.2225
4.2325
4.25
4.27
4.2675
4.265
4.2425
4.235
4.2175
4.2275
4.245
4.26
4.2725
4.2925
4.31
4.3175
4.29
4.2825
4.2525
4.2275
4.26
4.2575
4.2275
4.26
4.285
4.32
4.3075
4.315
4.3425
4.3475
4.3775
4.355
4.3325
4.3575
4.3525
4.36
4.3825
4.355
4.3425
4.37
4.355
4.3425
4.3625
4.34
4.3625
4.4
4.4075
4.395
4.3925
4.38
4.3875
4.3575
4.345
4.3375
4.3475
4.3675
4.39
4.4025
4.3925
4.42
4.4125
4.3875
4.4
4.4225
4.45
4.4575
4.4525
4.455
4.4425
4.435
4.4675
4.44
4.4225
4.41
4.43
4.45
4.415
4.42
4.405
4.425
4.4125
4.405
4.4
4.3675
4.375
4.3975
4.4
4.3825
4.345
4.365
4.3525
4.3525
4.3875
4.375
4.4025
4.4275
4.415
4.4325
4.4175
4.4075
4.405
4.42
4.45
4.4175
4.44
4.4475
4.44
4.46
4.4575
4.475
4.49
4.4625
4.4925
4.515
4.4925
4.4575
4.455
4.465
4.4525
4.46
4.46
4.4325
4.41
4.3825
4.3525
4.325
4.3225
4.3525
4.3575
4.3775
4.39
4.3825
4.43
4.4475
4.4225
4.4175
4.385
4.36
4.37
4.36
4.3725
4.34
4.345
4.315
4.31
4.3025
4.285
4.2875
4.285
4.3
4.35
4.34
4.3625
4.3425
4.3125
4.3275
4.365
4.375
4.3575
4.3225
4.3175
4.3275
4.3025
4.2775
4.2775
4.27
4.24
4.205
4.225
4.1925
4.195
4.2
4.17
4.175
4.185
4.1625
4.1375
4.115
4.135
4.1575
4.14
4.145
4.1425
4.16
4.1725
4.18
4.2
4.185
4.1675
4.135
4.1575
4.1075
4.1225
4.11
4.12
4.125
4.1175
4.1425
4.13
4.155
4.14
4.15
4.1325
4.1275
4.1475
4.14
4.1475
4.15
4.185
4.21
4.2075
4.23
4.2275
4.2475
4.2725
4.2625
4.2425
4.23
4.2375
4.23
4.2475
4.28
4.295
4.29
4.3175
4.3225
4.3125
4.3125
4.295
4.28
4.305
4.2775
4.25
4.2475
4.275
4.245
4.2475
4.2125
4.2175
4.17
4.19
4.1625
4.185
4.15
4.1625
4.175
4.1825
4.21
4.175
4.1875
4.2
4.2375
4.26
4.2225
4.22
4.2525
4.2575
4.2775
4.26
4.2575
4.2275
4.2275
4.1825
4.2025
4.2175
4.2075
4.2175
4.2525
4.2625
4.265
4.3
4.2875
4.2925
4.275
4.26
4.28
4.2875
4.2775
4.2975
4.325
4.3275
4.3125
4.3325
4.3175
4.285
4.3025
4.31
4.3325
4.3225
4.3125
4.3275
4.3325
4.3125
4.2925
4.295
4.2825
4.3025
4.2825
4.2625
4.2775
4.26
4.2375
4.2575
4.2725
4.27
4.235
4.2475
4.2425
4.215
4.1775
4.15
4.16
4.1575
4.1675
4.1825
4.165
4.135
4.0975
4.1025
4.1225
4.1075
4.085
4.06
4.0325
4.0375
3.9975
4.01
4.015
3.9825
4.005
3.98
3.97
3.9675
3.965
3.99
3.99
4.0075
4.005
4.015
3.985
3.995
3.99
3.975
3.9725
3.975
3.97
3.9575
3.97
3.935
3.955
3.96
3.9675
3.9825
3.985
3.9975
3.995
4.0175
4.0125
4.01
4.0175
4.045
4.055
4.09
4.0575
4.025
4.02
4.0325
4.05
4.065
4.07
4.0925
4.1075
4.135
4.15
4.135
4.1475
4.1175
4.14
4.135
4.1475
4.1475
4.15
4.175
4.1475
4.1425
4.1425
4.1475
4.165
4.1675
4.2
4.2275
4.255
4.2525
4.25
4.2225
4.2125
4.2375
4.2475
4.285
4.2975
4.29
4.305
4.325
4.345
4.305
4.3225
4.2875
4.31
4.3125
4.3175
4.2825
4.3
4.315
4.32
4.3025
4.3025
4.2925
4.2675
4.255
4.235
4.215
4.2175
4.2175
4.225
4.225
4.2175
4.1925
4.165
4.1975
4.195
4.1725
4.1525
4.16
4.1625
4.165
4.1525
4.1275
4.105
4.145
4.1125
4.0925
4.095
4.0875
4.085
4.0925
4.06
4.06
4.07
4.06
4.07
4.1
4.1275
4.095
4.0975
4.11
4.1025
4.1175
4.15
4.14
4.125
4.14
4.125
4.135
4.0975
4.1125
4.12
4.1325
4.12
4.1325
4.145
4.1475
4.17
4.15
4.18
4.1725
4.16
4.1375
4.14
4.1475
4.1575
4.1625
4.1375
4.1325
4.1125
4.125
4.1525
4.13
4.1575
4.165
4.175
4.1975
4.175
4.1825
4.2125
4.1875
4.18
4.16
4.165
4.14
4.135
4.13
4.085
4.1
4.0475
4.02
4.01
3.98
3.995
4.0175
4.0125
4.01
4.025
4.0275
4.035
4.0525
4.07
4.07
4.0875
4.075
4.0475
4.045
4.0475
4.06
4.07
4.09
4.0775
4.0625
4.05
4.06
4.05
4.065
4.055
4.0275
4.0075
4.0125
4.0
4.0
4.02
4.02
3.99
3.965
3.9725
3.9825
3.9925
3.995
4.02
4.05
4.0875
4.0925
4.0925
4.11
4.13
4.1125
4.09
4.0975
4.0825
4.095
4.135
4.145
4.11
4.0975
4.1175
4.145
4.135
4.1275
4.1375
4.1275
4.1075
4.1125
4.11
4.1125
4.1175
4.0975
4.1175
4.0975
4.1075
4.1
4.0925
4.0775
4.095
4.0975
4.065
4.0975
4.085
4.0925
4.1
4.095
4.13
4.16
4.145
4.1475
4.1575
4.165
4.19
4.205
4.1575
4.1825
4.2
4.215
4.2325
4.205
4.2
4.2225
4.2125
4.23
4.2375
4.26
4.2375
4.2625
4.2725
4.265
4.2825
4.2825
4.2875
4.3325
4.3425
4.36
4.375
4.4025
4.3575
4.33
4.345
4.31
4.34
4.3725
4.375
4.37
4.39
4.4025
4.4025
4.4
4.4125
4.39
4.4125
4.4
4.4025
4.4225
4.465
4.4925
4.4875
4.5
4.5075
4.485
4.505
4.53
4.5025
4.485
4.505
4.4725
4.4925
4.4975
4.505
4.5275
4.5475
4.52
4.4875
4.46
4.485
4.4875
4.465
4.4775
4.46
4.4575
4.465
4.445
4.42
4.4325
4.435
4.41
4.455
4.445
4.42
4.43
4.4075
4.375
4.375
4.355
4.355
4.3525
4.3825
4.385
4.36
4.3825
4.385
4.3575
4.3575
4.3675
4.3675
4.355
4.3725
4.3975
4.415
4.4325
4.41
4.4325
4.445
4.4
4.37
4.4
4.41
4.3975
4.4075
4.375
4.385
4.42
4.4
4.415
4.4325
4.4825
4.435
4.455
4.47
4.4475
4.425
4.4425
4.45
4.415
4.4
4.3825
4.3825
4.4
4.3875
4.3925
4.365
4.365
4.3325
4.335
4.3125
4.29
4.315
4.3025
4.2975
4.3175
4.33
4.305
4.3075
4.325
4.335
4.3625
4.33
4.3575
4.33
4.35
4.3425
4.375
4.385
4.3625
4.3525
4.3875
4.4025
4.425
4.46
4.4825
4.46
4.485
4.5
4.5075
4.5025
4.5
4.5225
4.505
4.475
4.4825
4.5175
4.4975
4.515
4.535
4.5375
4.5275
4.5575
4.58
4.6025
4.5875
4.5725
4.5925
4.625
4.6025
4.5825
4.595
4.5775
4.575
4.5825
4.595
4.57
4.565
4.575
4.5525
4.5575
4.57
4.56
4.5275
4.5325
4.5425
4.5725
4.55
4.5125
4.5025
4.4975
4.47
4.4875
4.4975
4.455
4.485
4.46
4.475
4.505
4.5175
4.4925
4.48
4.51
4.4975
4.4825
4.4375
4.435
4.44
4.41
4.4025
4.42
4.4425
4.455
4.4475
4.4675
4.4575
4.455
4.425
4.3925
4.3925
4.375
4.3525
4.375
4.3875
4.4
4.42
4.4125
4.39
4.3825
4.42
4.3825
4.39
4.4025
4.4175
4.4
4.3475
4.33
4.3375
4.33
4.3025
4.325
4.3025
4.285
4.29
4.28
4.275
4.2625
4.275
4.26
4.295
4.2875
4.28
4.3125
4.32
4.33
4.355
4.3275
4.3275
4.3175
4.3425
4.3175
4.2825
4.265
4.2675
4.2575
4.235
4.24
4.2425
4.245
4.22
4.2225
4.2325
4.2525
4.25
4.245
4.235
4.2075
4.255
4.2625
4.2675
4.2875
4.3
4.295
4.25
4.24
4.2275
4.235
4.2375
4.27
4.2725
4.3025
4.2775
4.305
4.275
4.2925
4.265
4.27
4.275
4.3
4.32
4.3075
4.26
4.2775
4.2825
4.3025
4.305
4.295
4.3
4.3125
4.295
4.29
4.3075
4.2875
4.285
4.275
4.305
4.2975
4.2625
4.2675
4.285
4.3075
4.2975
4.2525
4.2725
4.3
4.315
4.33
4.35
4.345
4.37
4.3925
4.4
4.3725
4.375
4.365
4.385
4.3425
4.345
4.315
4.3175
4.285
4.2975
4.3275
4.335
4.3275
4.3125
4.29
4.285
4.2925
4.265
4.2425
4.2175
4.24
4.2575
4.265
4.28
4.235
4.225
4.2375
4.2175
4.2425
4.2725
4.285
4.2975
4.2925
4.32
4.3125
4.3175
4.3275
4.3175
4.3275
4.3375
4.355
4.3625
4.375
4.375
4.395
4.375
4.3525
4.3775
4.375
4.375
4.41
4.4075
4.415
4.3875
4.4175
4.43
4.415
4.43
4.455
4.4425
4.4525
4.46
4.45
4.4075
4.395
4.4275
4.46
4.485
4.48
4.4725
4.4875
4.455
4.44
4.4275
4.39
4.405
4.425
4.4
4.405
4.4075
4.4375
4.4025
4.4075
4.39
4.3575
4.3375
4.345
4.35
4.3875
4.415
4.375
4.3825
4.4125
4.42
4.415
4.39
4.4025
4.4075
4.3875
4.39
4.4025
4.3975
4.42
4.435
4.45
4.4525
4.4275
4.425
4.395
4.3725
4.3925
4.405
4.3975
4.395
4.405
4.4075
4.445
4.465
4.435
4.465
4.4875
4.475
4.44
4.415
4.425
4.445
4.445
4.4575
4.4625
4.4675
4.4875
4.4875
4.5
4.5075
4.4875
4.4725
4.49
4.46
4.4725
4.445
4.4475
4.425
4.4125
4.4
4.385
4.3875
4.3925
4.4325
4.425
4.4275
4.4175
4.41
4.365
4.34
4.3525
4.38
4.4025
4.435
4.41
4.4025
4.395
4.365
4.3875
4.395
4.3625
4.36
4.315
4.32
4.32
4.355
4.37
4.37
4.37
4.385
4.4125
4.415
4.38
4.375
4.335
4.31
4.2875
4.27
4.235
4.2075
4.1725
4.1875
4.2075
4.1925
4.2125
4.2125
4.2325
4.255
4.2275
4.2375
4.245
4.205
4.1925
4.195
4.22
4.1925
4.1975
4.2125
4.2175
4.245
4.235
4.2525
4.2575
4.26
4.23
4.2375
4.2425
4.2575
4.2525
4.275
4.2925
4.2975
4.3225
4.33
4.33
4.3475
4.35
4.36
4.36
4.375
4.345
4.3775
4.38
4.35
4.375
4.375
4.36
4.375
4.41
4.44
4.445
4.48
4.505
4.5325
4.555
4.565
4.5725
4.55
4.5725
4.5675
4.55
4.5375
4.555
4.5625
4.5325
4.515
4.5225
4.55
4.5275
4.55
4.5275
4.4925
4.49
4.5
4.535
4.5225
4.535
4.5475
4.56
4.5825
4.56
4.5525
4.6
4.615
4.63
